-245 312 -700
-245 314 -701
-245 314 -701
-247 314 -702
-243 313 -702
-243 313 -702
-245 312 -703
-246 311 -702
-246 311 -702
-246 309 -703
-246 309 -703
-245 312 -701
-243 312 -703
-243 312 -703
-245 311 -701
-247 310 -703
-247 310 -703
-244 311 -702
-246 312 -700
-246 312 -700
-245 312 -702
-245 312 -702
-243 312 -705
-245 309 -700
-245 309 -700
-245 314 -703
-242 312 -703
-242 312 -703
-245 313 -701
-245 313 -701
-243 313 -703
-242 313 -702
-242 313 -702
-244 312 -703
-244 311 -703
-244 311 -703
-245 309 -703
-245 309 -703
-245 313 -698
-245 310 -698
-245 310 -698
-246 310 -699
-242 312 -701
-242 312 -701
-246 309 -703
-243 310 -701
-243 310 -701
-244 314 -705
-244 314 -705
-244 311 -702
-246 312 -702
-246 312 -702
-244 313 -702
-243 310 -702
-243 310 -702
-245 312 -703
-245 312 -703
-246 313 -700
-241 312 -705
-241 312 -705
-243 311 -701
-246 312 -702
-246 312 -702
-245 311 -702
-245 311 -703
-247 311 -703
-244 314 -702
-244 314 -702
-244 311 -703
-246 311 -702
-246 311 -702
-244 311 -703
-243 311 -702
-243 311 -702
-245 311 -700
-245 311 -700
-244 312 -703
-247 309 -701
-247 309 -701
-244 310 -703
-244 311 -704
-244 311 -704
-245 310 -702
-245 310 -702
-245 313 -702
-245 311 -702
-245 311 -702
-246 311 -704
-244 310 -701
-244 310 -701
-243 313 -703
-245 309 -702
-245 309 -702
-245 312 -704
-245 312 -704
-241 311 -705
-243 311 -703
-243 311 -703
-246 310 -701
-244 312 -703
-244 312 -703
-244 311 -701
-244 311 -701
-247 312 -703
-243 311 -701
-243 311 -701
-246 310 -701
-247 309 -702
-247 309 -702
-247 309 -703
-247 309 -703
-247 309 -703
-244 312 -705
-244 312 -705
-245 310 -703
-243 312 -701
-243 312 -701
-245 307 -701
-245 313 -705
-245 313 -705
-245 312 -703
-245 312 -703
-247 309 -704
-245 312 -702
-245 312 -702
-243 314 -701
-244 315 -700
-244 315 -700
-244 312 -701
-244 312 -701
-244 314 -702
-246 314 -701
-246 314 -701
-244 315 -701
-245 309 -704
-245 309 -704
-247 309 -701
-246 309 -702
-246 309 -702
-247 309 -702
-247 309 -702
-245 309 -702
-245 310 -698
-245 310 -698
-246 312 -702
-242 311 -702
-242 311 -702
-242 310 -704
-242 310 -704
-248 310 -702
-243 313 -700
-243 313 -700
-244 312 -702
-244 314 -703
-244 314 -703
-245 311 -701
-245 311 -701
-242 313 -703
-244 311 -703
-244 311 -703
-245 312 -701
-243 312 -702
-243 312 -702
-245 310 -702
-240 309 -704
-240 309 -704
-241 310 -701
-241 310 -701
-245 310 -701
-245 313 -701
-245 313 -701
-245 315 -700
-246 309 -705
-246 309 -705
-246 311 -702
-246 311 -702
-245 313 -701
-245 311 -702
-245 311 -702
-246 314 -700
-244 313 -701
-244 313 -701
-246 310 -702
-246 310 -704
-246 310 -704
-248 310 -701
-248 310 -701
-243 311 -705
-242 314 -700
-242 314 -700
-246 312 -704
-243 313 -700
-243 313 -700
-242 310 -704
-242 310 -704
-246 310 -703
-243 313 -702
-243 313 -702
-243 312 -701
-246 311 -704
-246 311 -704
-243 311 -699
-243 311 -699
-245 312 -704
-244 310 -700
-244 310 -700
-246 310 -703
-246 309 -701
-246 309 -701
-245 313 -704
-244 310 -703
-244 310 -703
-246 314 -703
-246 314 -703
-247 313 -700
-242 312 -702
-242 312 -702
-245 310 -704
-246 310 -699
-246 310 -699
-243 311 -703
-243 311 -703
-241 311 -701
-246 314 -701
-246 314 -701
-245 311 -702
-243 316 -702
-243 316 -702
-245 312 -703
-245 312 -703
-245 310 -702
-244 312 -700
-244 312 -700
-246 312 -705
-245 310 -700
-245 310 -700
-246 309 -703
-245 314 -702
-245 314 -702
-245 313 -701
-245 313 -701
-246 311 -703
-243 310 -704
-243 310 -704
-244 312 -702
-245 311 -704
-245 311 -704
-245 311 -702
-245 311 -702
-244 314 -705
-243 312 -703
-243 312 -703
-244 311 -702
-241 313 -703
-241 313 -703
-245 309 -703
-244 308 -704
-244 308 -704
-241 313 -701
-241 313 -701
-242 311 -702
-244 312 -703
-244 312 -703
-244 310 -699
-244 309 -702
-244 309 -702
-245 311 -703
-245 311 -703
-246 313 -701
-246 309 -701
-246 309 -701
-247 312 -703
-246 311 -700
-246 311 -700
-245 313 -700
-245 313 -700
-246 309 -704
-243 314 -700
-243 314 -700
-243 312 -703
-246 311 -702
-246 311 -702
-243 312 -702
-246 312 -704
-246 312 -704
-244 314 -703
-244 314 -703
-245 311 -704
-244 311 -704
-244 311 -704
-241 311 -705
-246 312 -700
-246 312 -700
-244 311 -701
-244 311 -701
-244 312 -702
-244 312 -698
-244 312 -698
-242 312 -703
-245 311 -701
-245 311 -701
-244 311 -701
-244 310 -701
-245 310 -701
-246 312 -702
-246 312 -702
-245 311 -698
-242 311 -703
-242 311 -703
-244 313 -703
-244 309 -702
-244 309 -702
-245 313 -702
-245 313 -702
-247 311 -700
-243 311 -702
-243 311 -702
-244 313 -701
-243 313 -701
-243 313 -701
-246 312 -702
-246 312 -702
-244 313 -701
-244 314 -701
-244 314 -701
-244 313 -705
-244 312 -702
-244 312 -702
-243 311 -703
-245 313 -699
-245 313 -699
-244 312 -701
-244 312 -701
-245 313 -703
-245 312 -704
-245 312 -704
-244 311 -703
-246 310 -704
-246 310 -704
-246 311 -702
-246 311 -702
-242 310 -702
-246 313 -702
-246 313 -702
-245 312 -703
-245 309 -703
-245 309 -703
-246 313 -703
-246 313 -703
-244 312 -702
-245 312 -702
-245 312 -702
-242 312 -701
-244 312 -705
-244 312 -705
-246 313 -700
-241 313 -702
-241 313 -702
-243 311 -703
-243 311 -703
-248 311 -704
-244 311 -700
-244 311 -700
-242 310 -701
-241 312 -702
-241 312 -702
-246 313 -701
-246 313 -701
-243 311 -702
-244 311 -700
-244 311 -700
-245 312 -700
-248 311 -702
-248 311 -702
-245 312 -701
-244 311 -701
-244 311 -701
-244 311 -701
-244 311 -701
-243 313 -701
-244 309 -700
-244 309 -700
-244 313 -701
-244 311 -703
-244 311 -703
-245 310 -703
-245 310 -703
-243 309 -700
-245 313 -702
-245 313 -702
-244 314 -702
-244 310 -700
-244 310 -700
-245 311 -702
-245 311 -702
-246 312 -700
-245 311 -700
-245 311 -700
-244 314 -702
-244 311 -702
-244 311 -702
-245 312 -699
-242 310 -702
-242 310 -702
-244 313 -701
-244 313 -701
-245 312 -702
-245 313 -702
-245 313 -702
-243 311 -701
-243 311 -701
-243 311 -701
-246 311 -701
-246 311 -701
-244 312 -703
-244 312 -698
-244 312 -698
-246 311 -700
-241 311 -699
-241 311 -699
-243 312 -702
-243 312 -701
-245 308 -701
-246 314 -698
-246 314 -698
-244 311 -702
-245 311 -701
-245 311 -701
-242 312 -701
-243 309 -701
-243 309 -701
-243 312 -701
-243 312 -701
-244 310 -703
-244 310 -701
-244 310 -701
-243 310 -700
-246 310 -700
-246 310 -700
-245 309 -701
-245 309 -701
-245 311 -702
-244 311 -702
-244 311 -702
-244 311 -702
-245 311 -704
-245 311 -704
-243 310 -700
-245 311 -698
-245 311 -698
-244 310 -703
-244 310 -703
-241 311 -701
-243 311 -703
-243 311 -703
-243 310 -700
-244 311 -701
-244 311 -701
-245 313 -702
-245 313 -702
-245 312 -703
-243 311 -702
-243 311 -702
-247 313 -701
-246 310 -699
-246 310 -699
-246 311 -702
-246 311 -702
-248 313 -702
-243 312 -700
-243 312 -700
-245 308 -699
-247 310 -701
-247 310 -701
-245 311 -700
-242 312 -702
-242 312 -702
-243 312 -704
-243 312 -704
-245 312 -703
-246 310 -704
-246 310 -704
-247 312 -702
-244 311 -698
-244 311 -698
-243 310 -701
-243 310 -701
-243 312 -703
-245 312 -701
-245 312 -701
-247 313 -702
-243 312 -702
-243 312 -702
-241 312 -702
-243 310 -700
-243 310 -700
-246 312 -701
-246 312 -701
-245 311 -702
-244 310 -703
-244 310 -703
-246 312 -700
-245 311 -702
-245 311 -702
-243 311 -698
-243 311 -698
-243 312 -703
-246 312 -703
-246 312 -703
-246 309 -699
-243 312 -702
-243 312 -702
-244 314 -704
-244 314 -704
-243 310 -702
-242 313 -701
-242 313 -701
-245 311 -704
-244 310 -703
-244 310 -703
-243 312 -702
-244 314 -700
-244 314 -700
-245 313 -703
-245 313 -703
-244 310 -701
-243 309 -700
-243 309 -700
-247 310 -701
-244 315 -700
-244 315 -700
-242 313 -705
-242 313 -705
-243 311 -699
-247 311 -703
-247 311 -703
-245 312 -704
-244 312 -699
-244 312 -699
-245 310 -700
-245 313 -701
-244 313 -701
-247 311 -702
-247 311 -702
-246 310 -699
-244 312 -701
-244 312 -701
-243 314 -702
-245 312 -702
-245 312 -702
-246 312 -702
-246 312 -702
-246 312 -700
-244 310 -703
-244 310 -703
-243 313 -700
-244 313 -702
-244 313 -702
-242 312 -699
-242 312 -699
-245 313 -703
-244 310 -703
-244 310 -703
-244 311 -702
-245 314 -698
-245 314 -698
-246 311 -700
-243 311 -702
-243 311 -702
-245 310 -700
-245 310 -700
-245 311 -702
-244 311 -701
-244 311 -701
-243 312 -702
-246 311 -701
-246 311 -701
-244 313 -702
-244 313 -702
-244 314 -703
-245 313 -701
-245 313 -701
-245 311 -704
-243 311 -701
-243 311 -701
-243 312 -703
-243 312 -703
-242 313 -703
-243 312 -703
-243 312 -703
-244 310 -703
-244 311 -702
-244 311 -702
-245 311 -702
-242 312 -700
-242 312 -700
-245 312 -702
-245 312 -702
-246 311 -702
-245 309 -699
-245 309 -699
-246 310 -701
-246 309 -703
-246 309 -703
-244 312 -701
-244 312 -701
-245 309 -702
-243 312 -700
-243 312 -700
-244 311 -702
-244 312 -700
-244 312 -700
-246 312 -702
-244 311 -703
-244 311 -703
-246 312 -699
-246 312 -699
-241 314 -701
-243 312 -702
-243 312 -702
-243 312 -704
-244 310 -703
-244 310 -703
-244 310 -701
-244 310 -701
-245 312 -701
-245 311 -702
-245 311 -702
-242 310 -702
-245 310 -698
-245 310 -698
-244 311 -701
-244 311 -701
-244 311 -701
-246 312 -702
-246 312 -702
-243 310 -701
-245 308 -703
-245 308 -703
-245 309 -701
-246 311 -702
-246 311 -702
-244 311 -704
-244 311 -704
-245 311 -701
-247 310 -702
-247 310 -702
-242 312 -703
-243 311 -702
-243 311 -702
-243 310 -703
-243 310 -703
-245 312 -700
-243 309 -701
-243 309 -701
-244 312 -701
-244 310 -705
-244 310 -705
-244 310 -703
-244 309 -701
-246 309 -701
-246 311 -702
-246 311 -702
-244 312 -700
-244 308 -703
-244 308 -703
-246 311 -699
-246 313 -698
-246 313 -698
-243 309 -702
-243 309 -702
-248 311 -701
-244 313 -701
-244 313 -701
-246 313 -704
-246 313 -702
-246 313 -702
-245 310 -699
-245 310 -699
-244 313 -702
-245 312 -705
-245 312 -705
-244 316 -703
-243 312 -703
-243 312 -703
-244 312 -703
-245 311 -703
-245 311 -703
-243 310 -704
-243 310 -704
-243 313 -704
-245 312 -699
-245 312 -699
-246 311 -705
-245 311 -703
-245 311 -703
-246 311 -700
-246 311 -700
-245 311 -703
-243 312 -699
-243 312 -699
-248 310 -696
-240 312 -700
-240 312 -700
-244 310 -699
-244 310 -699
-242 310 -702
-244 311 -701
-244 311 -701
-245 312 -701
-246 312 -701
-246 312 -701
-245 311 -702
-243 312 -703
-243 312 -703
-244 314 -702
-244 314 -702
-243 311 -702
-245 313 -700
-245 313 -700
-245 312 -701
-243 312 -703
-243 312 -703
-245 311 -703
-245 311 -703
-243 313 -703
-246 312 -700
-246 312 -700
-246 313 -700
-245 309 -703
-245 309 -703
-248 314 -701
-245 311 -700
-245 311 -700
-244 314 -700
-244 314 -700
-243 311 -702
-243 312 -701
-243 312 -701
-245 311 -701
-245 313 -701
-245 313 -701
-243 312 -701
-243 312 -701
-245 312 -702
-242 310 -701
-242 310 -701
-245 311 -701
-243 313 -699
-243 313 -699
-242 312 -704
-242 312 -704
-243 312 -702
-240 315 -702
-240 315 -702
-245 311 -702
-242 310 -702
-242 310 -702
-243 312 -699
-242 310 -702
-242 310 -702
-243 310 -701
-243 310 -701
-243 310 -699
-242 312 -701
-242 312 -701
-244 311 -700
-244 309 -702
-244 309 -702
-245 309 -701
-245 309 -701
-245 311 -704
-246 311 -701
-246 311 -701
-241 311 -702
-242 311 -703
-242 311 -703
-244 312 -701
-244 312 -701
-244 312 -701
-245 312 -701
-245 312 -701
-244 311 -700
-241 312 -700
-241 312 -700
-244 310 -699
-243 309 -703
-243 309 -703
-242 309 -703
-242 309 -703
-243 310 -701
-243 310 -704
-243 310 -704
-245 313 -704
-244 311 -701
-244 311 -701
-245 313 -701
-245 313 -701
-247 310 -703
-244 313 -698
-244 313 -698
-241 308 -702
-245 313 -701
-245 313 -701
-247 313 -702
-241 310 -703
-241 310 -703
-245 310 -702
-245 310 -702
-247 312 -701
-245 311 -701
-245 311 -701
-244 314 -702
-247 314 -700
-247 314 -700
-245 313 -703
-245 313 -703
-242 313 -703
-243 311 -705
-243 311 -705
-244 311 -702
-244 310 -704
-244 310 -704
-244 313 -701
-244 313 -701
-243 311 -701
-242 313 -703
-242 313 -703
-244 309 -699
-245 309 -698
-245 309 -698
-244 312 -702
-245 311 -702
-245 311 -702
-246 310 -700
-246 310 -700
-244 309 -701
-248 313 -699
-248 313 -699
-242 310 -704
-246 313 -702
-246 313 -702
-246 313 -700
-246 313 -700
-244 310 -701
-245 313 -702
-245 313 -702
-243 311 -702
-243 310 -702
-243 310 -702
-247 311 -705
-245 311 -702
-245 311 -702
-245 314 -702
-245 314 -702
-246 314 -701
-246 312 -702
-246 312 -702
-247 311 -701
-245 312 -698
-245 312 -698
-245 311 -702
-245 311 -702
-244 311 -700
-243 310 -701
-243 310 -701
-245 311 -701
-245 312 -701
-245 312 -701
-246 312 -700
-246 312 -700
-245 310 -701
-243 312 -701
-243 312 -701
-243 313 -700
-246 310 -700
-246 310 -700
-243 310 -702
-245 312 -701
-245 312 -701
-246 309 -703
-246 309 -703
-245 313 -697
-245 312 -704
-245 312 -704
-243 310 -701
-244 309 -702
-244 309 -702
-243 313 -700
-243 313 -700
-243 311 -700
-246 312 -700
-246 312 -700
-246 311 -702
-243 311 -701
-243 311 -701
-242 312 -702
-242 312 -702
-242 312 -702
-245 310 -701
-245 310 -701
-244 310 -703
-243 313 -699
-243 313 -699
-243 309 -702
-245 311 -701
-245 311 -701
-243 311 -702
-243 311 -702
-244 311 -700
-244 312 -702
-244 312 -702
-245 310 -704
-244 312 -702
-244 312 -702
-244 312 -702
-244 312 -702
-246 308 -702
-244 312 -700
-244 312 -700
-243 310 -700
-243 311 -700
-243 311 -700
-245 311 -701
-244 310 -701
-244 310 -701
-247 308 -701
-247 308 -701
-242 312 -701
-244 310 -699
-244 310 -699
-243 309 -701
-243 309 -701
-243 309 -701
-244 313 -700
-244 313 -700
-245 311 -702
-246 312 -701
-246 312 -701
-246 311 -702
-244 311 -702
-244 311 -702
-242 310 -702
-242 310 -702
-245 311 -700
-245 311 -701
-245 311 -701
-244 310 -701
-245 310 -701
-245 310 -701
-243 311 -704
-245 310 -700
-245 310 -700
-243 309 -701
-243 309 -701
-246 310 -703
-243 312 -700
-243 312 -700
-244 312 -701
-246 311 -702
-246 311 -702
-247 312 -703
-247 312 -703
-245 309 -700
-244 313 -701
-244 313 -701
-242 308 -700
-245 312 -702
-245 312 -702
-243 309 -701
-244 310 -699
-244 310 -699
-248 310 -702
-248 310 -702
-243 310 -700
-243 312 -702
-243 312 -702
-244 312 -702
-244 312 -702
-244 312 -702
-244 312 -702
-244 312 -702
-245 312 -702
-243 313 -702
-243 313 -702
-247 313 -703
-242 313 -700
-242 313 -700
-244 309 -701
-244 309 -701
-244 314 -702
-244 313 -702
-244 313 -702
-241 310 -701
-244 309 -702
-244 309 -702
-245 312 -703
-243 313 -700
-243 313 -700
-242 311 -699
-242 311 -699
-244 313 -703
-244 311 -700
-244 311 -700
-245 311 -699
-247 311 -702
-247 311 -702
-244 310 -702
-244 310 -702
-246 311 -701
-245 309 -699
-245 309 -699
-246 315 -701
-245 311 -702
-245 311 -702
-243 311 -701
-243 311 -701
-243 311 -701
-242 311 -702
-242 311 -702
-245 310 -703
-243 312 -700
-243 312 -700
-242 312 -703
-245 315 -702
-245 315 -702
-245 311 -702
-245 311 -702
-242 312 -699
-245 310 -702
-245 310 -702
-245 311 -702
-243 311 -701
-243 311 -701
-247 309 -701
-247 309 -701
-247 309 -700
-245 311 -704
-245 311 -704
-245 311 -703
-243 311 -701
-243 311 -701
-242 313 -704
-244 311 -700
-244 311 -700
-246 309 -699
-246 309 -699
-245 313 -701
-246 312 -700
-246 312 -700
-245 310 -702
-243 313 -701
-243 313 -701
-244 310 -701
-244 310 -701
-244 312 -701
-246 311 -702
-246 311 -702
-244 308 -703
-244 310 -702
-244 310 -702
-245 310 -702
-245 310 -702
-243 310 -703
-242 310 -700
-242 310 -700
-241 310 -704
-247 313 -702
-247 313 -702
-243 309 -700
-245 310 -702
-245 310 -702
-244 310 -703
-244 310 -703
-244 311 -700
-244 313 -702
-244 313 -702
-246 310 -704
-246 312 -702
-246 312 -702
-244 311 -703
-244 311 -703
-248 311 -701
-245 311 -703
-245 311 -703
-243 309 -703
-245 311 -703
-245 311 -703
-244 312 -702
-243 311 -702
-243 311 -702
-244 311 -703
-244 311 -703
-244 311 -699
-244 309 -700
-244 309 -700
-246 309 -700
-246 313 -702
-246 313 -702
-244 310 -703
-244 310 -703
-245 310 -703
-245 311 -703
-245 311 -703
-242 313 -701
-242 310 -701
-242 310 -701
-245 312 -699
-245 312 -699
-244 312 -702
-244 311 -700
-244 311 -700
-245 314 -698
-244 311 -701
-244 311 -701
-244 311 -702
-245 309 -699
-245 309 -699
-245 313 -700
-245 313 -700
-244 312 -702
-245 311 -701
-245 311 -701
-243 311 -702
-242 311 -700
-242 311 -700
-244 313 -699
-244 313 -699
-243 311 -699
-243 312 -700
-243 312 -700
-245 310 -702
-245 311 -702
-245 311 -702
-245 311 -702
-245 308 -700
-245 308 -700
-243 310 -702
-243 310 -702
-243 310 -701
-243 309 -699
-243 309 -699
-243 309 -700
-246 310 -700
-246 310 -700
-245 311 -700
-245 311 -700
-243 310 -700
-245 308 -701
-245 308 -701
-245 312 -702
-242 312 -701
-242 312 -701
-246 309 -701
-246 309 -701
-244 310 -701
-245 311 -702
-245 311 -702
-245 308 -702
-244 310 -703
-244 310 -703
-245 310 -702
-243 309 -700
-243 309 -700
-244 310 -701
-244 310 -701
-245 314 -702
-242 312 -703
-242 312 -703
-245 309 -701
-245 313 -702
-245 313 -702
-242 312 -702
-242 312 -702
-245 309 -702
-243 307 -700
-243 307 -700
-245 312 -701
-248 313 -701
-248 313 -701
-246 312 -701
-246 312 -701
-247 310 -704
-242 311 -700
-242 311 -700
-243 311 -702
-243 312 -701
-243 312 -701
-242 312 -700
-245 312 -698
-245 312 -698
-246 312 -703
-246 312 -703
-241 311 -702
-243 313 -703
-243 313 -703
-241 314 -700
-242 312 -699
-242 312 -699
-244 313 -699
-244 313 -699
-245 311 -701
-242 311 -703
-242 311 -703
-245 312 -703
-245 312 -701
-245 312 -701
-243 311 -702
-245 312 -701
-245 312 -701
-244 308 -700
-244 308 -700
-244 310 -700
-245 310 -701
-245 310 -701
-244 311 -703
-249 312 -699
-249 312 -699
-243 310 -700
-243 310 -700
-245 310 -700
-247 310 -702
-247 310 -702
-243 314 -699
-244 308 -700
-244 308 -700
-244 312 -702
-244 312 -702
-244 311 -702
-243 312 -702
-243 312 -702
-243 312 -702
-245 312 -702
-245 312 -702
-247 310 -700
-245 310 -700
-245 310 -700
-244 311 -702
-244 311 -702
-245 308 -700
-247 312 -701
-247 312 -701
-244 310 -700
-243 310 -703
-243 310 -703
-245 310 -698
-245 310 -698
-246 313 -700
-247 311 -700
-247 311 -700
-246 309 -701
-245 312 -701
-245 312 -701
-245 311 -698
-242 311 -700
-242 311 -700
-245 311 -700
-245 311 -700
-243 311 -702
-244 313 -702
-244 313 -702
-242 311 -699
-244 309 -700
-244 309 -700
-242 311 -701
-242 311 -701
-243 312 -700
-243 310 -701
-243 310 -701
-242 311 -699
-242 309 -700
-242 309 -700
-243 312 -703
-243 312 -703
-246 310 -702
-244 313 -701
-244 313 -701
-246 312 -703
-244 308 -702
-244 308 -702
-244 311 -702
-246 313 -702
-246 313 -702
-243 310 -701
-243 310 -701
-245 310 -700
-246 313 -700
-246 313 -700
-242 311 -700
-243 310 -701
-243 310 -701
-245 313 -697
-245 313 -697
-242 312 -703
-244 309 -702
-244 309 -702
-246 313 -703
-243 308 -700
-243 308 -700
-245 311 -702
-245 311 -702
-245 311 -702
-244 309 -701
-244 309 -701
-245 311 -701
-243 311 -702
-243 311 -702
-242 310 -699
-243 310 -702
-243 310 -702
-244 309 -702
-244 309 -702
-243 313 -700
-244 309 -700
-244 309 -700
-245 309 -700
-246 310 -702
-246 310 -702
-247 311 -699
-247 311 -699
-246 311 -701
-242 312 -700
-242 312 -700
-243 311 -702
-244 312 -703
-244 312 -703
-244 314 -699
-243 308 -702
-243 308 -702
-242 312 -701
-242 312 -701
-243 311 -701
-246 312 -699
-246 312 -699
-243 309 -701
-243 310 -701
-243 310 -701
-244 311 -700
-244 311 -700
-241 311 -700
-242 311 -702
-242 311 -702
-244 312 -699
-247 310 -699
-247 310 -699
-246 312 -703
-246 312 -703
-243 307 -701
-245 311 -702
-245 311 -702
-244 310 -700
-245 310 -701
-245 310 -701
-246 312 -702
-244 308 -704
-244 308 -704
-242 310 -701
-242 310 -701
-244 309 -701
-240 312 -706
-240 312 -706
-244 310 -699
-243 314 -702
-243 314 -702
-243 310 -702
-243 310 -702
-245 310 -702
-244 312 -698
-244 312 -698
-243 311 -701
-244 313 -700
-244 313 -700
-243 310 -700
-245 311 -701
-245 311 -701
-246 312 -700
-246 312 -700
-244 312 -702
-243 310 -700
-243 310 -700
-245 311 -701
-243 312 -700
-243 312 -700
-246 311 -699
-246 311 -699
-243 311 -697
-246 311 -702
-246 311 -702
-244 309 -701
-242 311 -700
-242 311 -700
-243 312 -700
-243 312 -700
-243 311 -700
-245 311 -700
-245 311 -700
-243 312 -703
-244 311 -702
-244 311 -702
-246 313 -701
-244 312 -702
-244 312 -702
-243 311 -701
-243 311 -701
-245 310 -699
-244 311 -702
-244 311 -702
-242 313 -701
-244 310 -701
-244 310 -701
-245 311 -702
-245 311 -702
-243 313 -699
-243 312 -700
-243 312 -700
-245 310 -700
-245 310 -700
-245 310 -700
-244 311 -702
-244 311 -701
-244 311 -701
-244 312 -701
-244 312 -701
-246 310 -702
-243 311 -702
-243 311 -702
-243 308 -700
-246 310 -700
-246 310 -700
-245 311 -700
-245 311 -700
-245 312 -702
-243 310 -702
-243 310 -702
-241 310 -702
-247 311 -698
-247 311 -698
-246 309 -702
-246 309 -702
-241 309 -702
-242 311 -700
-242 311 -700
-245 310 -702
-243 311 -701
-243 311 -701
-243 312 -700
-245 312 -698
-245 312 -698
-248 311 -700
-248 311 -700
-245 309 -701
-243 309 -703
-243 309 -703
-243 310 -698
-244 310 -703
-244 310 -703
-248 313 -702
-248 313 -702
-244 310 -701
-246 310 -700
-246 310 -700
-245 311 -697
-245 309 -702
-245 309 -702
-244 311 -703
-244 311 -703
-244 311 -703
-244 311 -700
-244 311 -700
-245 312 -701
-244 310 -703
-244 310 -703
-242 310 -699
-244 312 -699
-244 312 -699
-242 311 -701
-242 311 -701
-244 308 -700
-241 310 -700
-241 310 -700
-243 312 -702
-245 311 -701
-245 311 -701
-248 311 -701
-248 311 -701
-248 312 -701
-246 312 -700
-246 312 -700
-245 310 -701
-245 310 -698
-245 310 -698
-243 311 -700
-247 310 -701
-247 310 -701
-243 311 -700
-243 311 -700
-241 312 -701
-245 309 -702
-245 309 -702
-243 314 -704
-241 311 -700
-241 311 -700
-243 312 -701
-243 312 -701
-245 310 -698
-243 309 -702
-243 309 -702
-243 313 -703
-243 314 -703
-243 314 -703
-245 307 -702
-245 307 -702
-246 310 -700
-244 312 -702
-244 312 -702
-243 311 -700
-242 309 -697
-242 309 -697
-245 312 -699
-242 312 -702
-242 312 -702
-245 312 -700
-245 312 -700
-242 311 -700
-248 312 -700
-248 312 -700
-242 313 -703
-246 312 -701
-246 312 -701
-243 310 -701
-243 310 -701
-242 311 -702
-245 314 -701
-245 314 -701
-243 314 -701
-243 315 -703
-243 315 -703
-246 312 -703
-245 310 -698
-245 310 -698
-243 309 -699
-243 309 -699
-245 310 -700
-241 313 -698
-241 313 -698
-244 311 -700
-244 308 -702
-244 308 -702
-244 312 -698
-244 312 -698
-244 312 -702
-246 311 -700
-246 311 -700
-246 310 -701
-247 311 -701
-247 311 -701
-243 310 -699
-243 310 -699
-246 312 -699
-246 309 -700
-246 309 -700
-244 310 -700
-243 308 -701
-243 308 -701
-242 314 -700
-247 312 -699
-247 312 -699
-244 310 -702
-244 310 -702
-241 311 -702
-242 310 -700
-242 310 -700
-244 310 -701
-242 313 -700
-242 313 -700
-245 311 -699
-245 311 -699
-244 311 -701
-245 312 -700
-245 312 -700
-243 311 -701
-243 311 -699
-243 311 -699
-243 311 -702
-243 311 -702
-243 311 -702
-246 310 -703
-246 310 -703
-243 310 -701
-243 310 -701
-243 310 -701
-245 314 -701
-246 311 -701
-246 311 -701
-243 311 -702
-243 311 -702
-245 310 -699
-243 311 -701
-243 311 -701
-241 311 -702
-245 308 -701
-245 308 -701
-243 311 -701
-243 311 -701
-244 311 -703
-243 311 -700
-243 311 -700
-243 308 -699
-245 311 -701
-245 311 -701
-243 311 -698
-246 310 -700
-246 310 -700
-244 310 -699
-244 310 -699
-242 309 -701
-244 310 -699
-244 310 -699
-246 310 -698
-245 311 -702
-245 311 -702
-245 310 -699
-245 310 -699
-244 312 -701
-243 309 -702
-243 309 -702
-247 309 -699
-245 311 -701
-245 311 -701
-245 312 -702
-245 312 -703
-241 310 -703
-242 313 -700
-242 313 -700
-242 312 -701
-246 313 -698
-246 313 -698
-241 314 -701
-245 312 -700
-245 312 -700
-244 309 -703
-244 309 -703
-245 309 -700
-244 310 -698
-244 310 -698
-246 312 -702
-243 310 -702
-243 310 -702
-244 308 -701
-244 308 -701
-243 311 -701
-244 313 -698
-244 313 -698
-245 314 -701
-244 312 -701
-244 312 -701
-244 311 -700
-243 311 -700
-243 311 -700
-244 312 -701
-244 312 -701
-243 313 -703
-244 307 -700
-244 307 -700
-243 312 -700
-244 311 -700
-244 311 -700
-243 312 -699
-243 312 -699
-243 310 -698
-243 311 -700
-243 311 -700
-245 311 -699
-243 310 -698
-243 310 -698
-245 314 -700
-245 314 -700
-242 313 -701
-244 311 -702
-244 311 -702
-244 309 -699
-243 310 -701
-243 310 -701
-244 310 -700
-244 309 -702
-244 309 -702
-245 309 -699
-245 309 -699
-245 310 -700
-243 314 -700
-243 314 -700
-246 312 -703
-243 309 -699
-243 309 -699
-244 313 -702
-244 313 -702
-243 308 -699
-245 308 -700
-245 308 -700
-243 311 -700
-244 311 -702
-244 311 -702
-244 310 -701
-243 310 -698
-243 310 -698
-245 314 -702
-245 314 -702
-244 311 -703
-243 311 -700
-243 311 -700
-245 312 -704
-244 313 -700
-244 313 -700
-245 311 -700
-245 311 -700
-244 313 -700
-244 310 -701
-244 310 -701
-245 309 -700
-246 309 -698
-246 309 -698
-245 311 -700
-245 311 -700
-249 309 -701
-244 312 -699
-244 312 -699
-246 311 -702
-244 308 -699
-244 308 -699
-244 311 -701
-243 312 -698
-243 312 -698
-246 313 -703
-246 313 -703
-242 310 -700
-242 310 -702
-242 310 -702
-244 310 -701
-246 311 -701
-246 311 -701
-246 311 -701
-246 311 -701
-245 311 -701
-245 312 -703
-245 312 -703
-243 312 -698
-244 311 -702
-244 311 -702
-245 310 -703
-243 309 -701
-243 309 -701
-244 311 -702
-244 311 -702
-245 310 -700
-246 312 -699
-246 312 -699
-244 310 -702
-245 308 -702
-245 308 -702
-246 311 -698
-246 311 -698
-243 310 -700
-244 309 -701
-244 309 -701
-242 314 -700
-243 312 -701
-243 312 -701
-244 309 -700
-244 309 -700
-245 308 -699
-242 313 -701
-242 313 -701
-244 311 -701
-243 311 -701
-243 311 -701
-244 311 -700
-245 312 -702
-245 312 -702
-246 309 -700
-246 309 -700
-245 311 -699
-244 310 -700
-244 310 -700
-244 312 -699
-244 311 -698
-244 311 -698
-245 309 -698
-245 309 -698
-247 310 -699
-245 308 -702
-245 308 -702
-246 309 -700
-245 311 -701
-245 311 -701
-246 310 -701
-246 310 -701
-246 310 -701
-244 312 -701
-244 312 -701
-242 313 -700
-243 310 -700
-243 310 -700
-243 311 -701
-245 310 -699
-245 310 -699
-244 311 -703
-244 311 -703
-243 310 -700
-242 312 -702
-242 312 -702
-246 309 -698
-241 307 -700
-241 307 -700
-240 310 -701
-240 310 -701
-244 310 -701
-242 310 -701
-242 310 -701
-246 312 -700
-244 309 -700
-244 309 -700
-245 310 -701
-245 309 -699
-245 309 -699
-245 312 -701
-245 312 -701
-242 311 -698
-244 311 -699
-244 311 -699
-245 310 -699
-244 312 -697
-244 312 -697
-241 310 -702
-241 310 -702
-243 310 -700
-243 310 -700
-243 310 -700
-242 311 -701
-244 311 -699
-244 311 -699
-245 311 -699
-245 311 -699
-244 312 -701
-244 310 -700
-244 310 -700
-243 312 -702
-244 310 -701
-244 310 -701
-244 311 -699
-245 310 -703
-245 310 -703
-245 309 -702
-245 309 -702
-244 309 -698
-244 309 -701
-244 309 -701
-242 309 -697
-242 310 -699
-242 310 -699
-242 311 -698
-242 311 -698
-244 312 -698
-243 312 -700
-243 312 -700
-243 310 -700
-246 314 -702
-246 314 -702
-244 311 -700
-243 309 -702
-243 309 -702
-245 309 -700
-245 309 -700
-244 312 -699
-245 311 -700
-245 311 -700
-243 313 -703
-242 311 -703
-242 311 -703
-242 310 -702
-242 310 -702
-244 314 -699
-243 310 -700
-243 310 -700
-245 309 -701
-243 312 -699
-243 312 -699
-244 312 -700
-244 312 -700
-243 312 -700
-245 309 -699
-245 309 -699
-247 311 -701
-245 309 -699
-245 309 -699
-243 311 -702
-246 309 -702
-246 309 -702
-244 306 -701
-244 306 -701
-246 310 -701
-245 311 -697
-245 311 -697
-245 312 -703
-244 311 -699
-244 311 -699
-244 308 -703
-244 308 -703
-243 312 -699
-241 309 -701
-241 309 -701
-245 311 -700
-243 310 -701
-243 310 -701
-242 311 -701
-242 311 -701
-242 311 -701
-246 311 -699
-246 311 -699
-242 309 -701
-241 311 -699
-241 311 -699
-244 311 -700
-243 310 -700
-243 310 -700
-246 312 -700
-246 312 -700
-244 312 -701
-246 311 -699
-246 311 -699
-246 312 -700
-244 314 -698
-244 314 -698
-245 310 -700
-245 310 -700
-244 309 -700
-245 311 -699
-245 311 -699
-240 313 -697
-243 311 -701
-243 311 -701
-242 310 -700
-243 312 -702
-243 312 -702
-243 312 -702
-243 312 -702
-242 311 -701
-244 311 -702
-244 311 -702
-243 312 -701
-245 312 -702
-245 312 -702
-245 311 -700
-245 311 -700
-245 310 -699
-246 310 -699
-246 310 -699
-243 311 -701
-242 309 -700
-242 309 -700
-242 308 -701
-242 308 -701
-246 311 -699
-247 310 -701
-247 310 -701
-243 308 -700
-244 307 -699
-244 307 -699
-244 312 -700
-242 310 -700
-242 310 -700
-244 310 -699
-244 310 -699
-244 310 -699
-244 309 -700
-244 309 -700
-243 309 -702
-242 310 -702
-242 310 -702
-241 312 -701
-241 312 -701
-244 311 -700
-244 310 -700
-244 310 -700
-242 310 -701
-241 308 -703
-241 308 -703
-244 312 -703
-246 311 -699
-246 311 -699
-245 309 -700
-245 309 -700
-243 313 -698
-245 309 -702
-245 309 -702
-245 307 -698
-243 311 -697
-243 311 -697
-244 312 -698
-244 312 -698
-245 310 -700
-245 311 -702
-245 311 -702
-244 310 -701
-244 309 -703
-244 309 -703
-246 311 -699
-246 311 -699
-243 308 -700
-243 310 -701
-243 310 -701
-241 313 -701
-245 312 -700
-245 312 -700
-241 308 -700
-243 311 -702
-243 311 -702
-244 310 -699
-244 310 -699
-245 311 -698
-242 312 -700
-242 312 -700
-241 309 -699
-246 308 -698
-246 308 -698
-244 311 -699
-244 311 -699
-243 313 -700
-244 310 -700
-244 310 -700
-247 312 -702
-243 311 -700
-243 311 -700
-244 308 -699
-244 308 -699
-243 312 -699
-244 312 -701
-244 312 -701
-245 310 -699
-246 311 -700
-246 311 -700
-244 310 -702
-244 309 -698
-244 309 -698
-244 308 -702
-244 308 -702
-244 311 -705
-242 310 -702
-242 310 -702
-244 311 -698
-246 312 -702
-246 312 -702
-244 311 -700
-244 311 -700
-238 310 -701
-244 310 -701
-244 310 -701
-245 314 -701
-246 310 -701
-246 310 -701
-245 309 -698
-246 314 -700
-246 314 -700
-245 309 -699
-245 309 -699
-241 309 -701
-246 310 -703
-246 310 -703
-244 312 -698
-244 313 -700
-244 313 -700
-243 310 -697
-243 310 -697
-241 313 -702
-244 309 -700
-244 309 -700
-243 311 -702
-243 313 -701
-243 313 -701
-244 309 -700
-244 309 -700
-245 310 -699
-242 311 -699
-242 311 -699
-243 309 -701
-241 310 -701
-241 310 -701
-243 310 -701
-245 310 -702
-245 310 -702
-242 310 -698
-242 310 -698
-243 311 -702
-244 312 -699
-244 312 -699
-245 310 -701
-246 312 -700
-246 312 -700
-247 310 -698
-247 310 -698
-247 309 -702
-247 310 -699
-247 310 -699
-243 307 -700
-240 310 -700
-240 310 -700
-244 310 -702
-244 310 -702
-243 309 -699
-244 312 -698
-244 312 -698
-243 311 -698
-244 312 -700
-244 312 -700
-244 312 -699
-245 313 -701
-245 313 -701
-241 308 -697
-241 308 -697
-243 311 -700
-245 310 -700
-245 310 -700
-243 310 -700
-243 311 -699
-243 311 -699
-243 310 -699
-243 310 -699
-245 310 -699
-244 312 -701
-244 312 -701
-246 310 -697
-245 311 -699
-245 311 -699
-247 309 -699
-246 310 -698
-246 310 -698
-243 309 -701
-243 309 -701
-244 308 -700
-246 314 -701
-246 314 -701
-244 311 -700
-244 311 -701
-244 311 -701
-242 309 -701
-242 309 -701
-243 309 -699
-242 308 -698
-242 308 -698
-243 313 -702
-243 310 -700
-243 310 -700
-244 311 -698
-244 311 -698
-245 311 -698
-244 312 -699
-244 312 -699
-243 310 -699
-241 311 -701
-241 311 -701
-244 311 -701
-243 309 -700
-243 309 -700
-245 309 -699
-245 309 -699
-244 310 -699
-244 310 -700
-244 310 -700
-245 311 -699
-244 310 -700
-244 310 -700
-245 309 -701
-245 309 -701
-243 310 -701
-245 310 -700
-245 310 -700
-243 311 -699
-242 312 -700
-242 312 -700
-245 310 -700
-245 310 -700
-244 313 -700
-245 312 -699
-245 312 -699
-242 309 -700
-244 311 -699
-244 311 -699
-243 309 -699
-242 310 -696
-242 310 -696
-242 310 -697
-242 310 -697
-244 309 -699
-243 308 -702
-243 308 -702
-245 310 -700
-245 309 -700
-245 309 -700
-245 313 -699
-245 313 -699
-245 309 -698
-243 310 -699
-243 310 -699
-244 311 -700
-244 311 -700
-244 311 -700
-243 311 -700
-243 309 -700
-243 309 -700
-244 311 -697
-244 311 -697
-245 312 -698
-245 309 -701
-245 309 -701
-245 311 -701
-244 311 -702
-244 311 -702
-245 309 -701
-245 309 -701
-242 312 -701
-241 311 -701
-241 311 -701
-244 310 -700
-245 307 -697
-245 307 -697
-242 310 -699
-242 310 -699
-244 311 -699
-244 310 -699
-244 310 -699
-245 311 -699
-243 310 -697
-243 310 -697
-243 311 -700
-245 310 -699
-245 310 -699
-244 312 -700
-244 312 -700
-247 310 -698
-244 311 -700
-244 311 -700
-244 310 -701
-244 310 -700
-244 310 -700
-244 309 -701
-244 309 -701
-245 310 -701
-241 313 -696
-241 313 -696
-245 310 -702
-245 311 -699
-245 311 -699
-242 310 -702
-242 310 -702
-244 312 -700
-244 311 -701
-244 311 -701
-244 311 -699
-244 311 -699
-244 311 -699
-243 311 -700
-243 307 -700
-243 307 -700
-244 309 -702
-244 309 -702
-244 312 -702
-244 310 -699
-244 310 -699
-244 309 -701
-244 312 -702
-244 312 -702
-244 309 -699
-244 309 -699
-244 308 -699
-245 309 -701
-245 309 -701
-245 310 -700
-243 311 -700
-243 311 -700
-245 309 -702
-245 310 -698
-245 310 -698
-244 310 -702
-244 310 -702
-246 309 -702
-244 311 -699
-244 311 -699
-243 311 -703
-243 311 -700
-243 311 -700
-246 311 -700
-246 311 -700
-242 310 -701
-243 310 -698
-243 310 -698
-244 312 -702
-243 310 -700
-243 310 -700
-245 311 -702
-245 311 -702
-243 310 -702
-243 311 -700
-243 311 -700
-246 310 -698
-245 311 -696
-245 311 -696
-245 312 -701
-247 308 -700
-247 308 -700
-241 310 -701
-241 310 -701
-246 311 -702
-244 311 -700
-244 311 -700
-244 310 -699
-243 313 -700
-243 313 -700
-245 311 -699
-245 311 -699
-243 314 -699
-242 312 -700
-242 312 -700
-245 313 -701
-242 312 -700
-242 312 -700
-243 311 -702
-243 311 -702
-243 311 -702
-242 310 -703
-242 310 -703
-244 312 -701
-242 312 -702
-242 312 -702
-244 311 -698
-247 308 -701
-247 308 -701
-244 310 -700
-244 310 -700
-245 311 -700
-246 309 -700
-246 309 -700
-243 311 -701
-243 309 -701
-243 309 -701
-244 310 -700
-244 310 -700
-244 310 -701
-245 310 -702
-245 310 -702
-244 311 -699
-243 310 -701
-243 310 -701
-244 312 -700
-245 312 -700
-245 312 -700
-245 311 -700
-245 311 -700
-243 311 -699
-243 313 -700
-243 313 -700
-245 310 -701
-244 311 -702
-244 311 -702
-243 311 -700
-243 311 -700
-243 309 -700
-243 312 -701
-243 312 -701
-246 312 -700
-245 310 -700
-245 310 -700
-244 310 -699
-244 310 -699
-248 308 -701
-244 310 -701
-244 310 -701
-247 310 -700
-246 309 -699
-246 309 -699
-243 310 -701
-245 308 -699
-245 308 -699
-242 311 -700
-242 311 -700
-244 311 -700
-243 311 -697
-243 311 -697
-241 312 -701
-244 313 -701
-244 313 -701
-245 311 -702
-245 311 -702
-245 309 -702
-241 310 -699
-241 310 -699
-244 310 -700
-244 312 -702
-244 312 -702
-243 310 -701
-243 310 -701
-243 310 -701
-243 309 -700
-243 309 -700
-246 309 -701
-240 313 -700
-240 313 -700
-246 310 -698
-244 308 -700
-244 308 -700
-244 311 -698
-244 311 -698
-247 310 -702
-243 311 -702
-243 311 -702
-245 312 -700
-245 312 -700
-245 312 -700
-245 311 -699
-245 311 -699
-245 310 -700
-244 313 -700
-244 313 -700
-242 310 -698
-242 312 -699
-242 312 -699
-244 312 -702
-241 311 -699
-241 311 -699
-242 309 -699
-242 309 -699
-242 311 -700
-246 309 -699
-246 309 -699
-246 312 -698
-244 308 -702
-244 308 -702
-245 310 -701
-245 310 -701
-245 311 -703
-244 309 -698
-244 309 -698
-241 309 -696
-244 312 -698
-244 312 -698
-243 309 -699
-243 309 -699
-246 312 -700
-243 313 -701
-243 313 -701
-246 312 -700
-244 312 -701
-244 312 -701
-243 310 -699
-243 311 -702
-243 311 -702
-244 311 -700
-244 311 -700
-244 309 -701
-244 308 -701
-244 308 -701
-243 312 -700
-242 309 -700
-242 309 -700
-242 311 -700
-242 311 -700
-242 311 -700
-242 311 -701
-242 311 -701
-244 309 -701
-247 311 -699
-247 311 -699
-243 308 -702
-243 308 -702
-245 311 -701
-243 310 -702
-243 310 -702
-244 312 -698
-244 310 -699
-244 310 -699
-245 311 -700
-245 310 -700
-245 310 -700
-246 311 -696
-246 311 -696
-240 311 -700
-245 311 -703
-245 311 -703
-245 309 -700
-244 311 -701
-244 311 -701
-246 309 -698
-246 309 -698
-241 312 -700
-245 312 -700
-245 312 -700
-242 310 -700
-244 311 -700
-244 311 -700
-244 310 -702
-243 309 -700
-243 309 -700
-245 312 -701
-245 312 -701
-244 310 -698
-243 309 -699
-243 309 -699
-244 311 -701
-245 306 -701
-245 306 -701
-243 310 -700
-243 310 -700
-242 310 -700
-245 309 -696
-245 309 -696
-248 311 -698
-246 313 -700
-246 313 -700
-245 311 -699
-245 311 -699
-247 310 -699
-246 310 -701
-246 310 -701
-244 310 -702
-244 311 -700
-244 311 -700
-245 310 -700
-245 308 -698
-245 308 -698
-243 308 -703
-243 308 -703
-242 310 -700
-244 313 -701
-244 313 -701
-244 309 -702
-242 310 -702
-242 310 -702
-246 310 -699
-246 310 -699
-244 310 -701
-246 310 -703
-246 310 -703
-245 309 -702
-243 311 -700
-243 311 -700
-246 308 -701
-246 308 -701
-246 308 -700
-242 312 -699
-242 312 -699
-244 310 -699
-242 310 -699
-242 310 -699
-245 309 -698
-245 310 -699
-245 310 -699
-243 309 -701
-243 309 -701
-244 310 -698
-243 310 -701
-243 310 -701
-242 311 -702
-244 312 -701
-244 312 -701
-242 312 -699
-242 312 -699
-245 308 -704
-245 309 -704
-245 309 -704
-245 315 -700
-243 310 -701
-243 310 -701
-242 310 -700
-242 312 -699
-243 312 -699
-246 313 -699
-246 313 -699
-245 311 -702
-247 309 -697
-247 309 -697
-242 310 -698
-244 309 -698
-244 309 -698
-242 311 -698
-242 311 -698
-245 310 -701
-246 310 -699
-246 310 -699
-247 312 -699
-247 308 -701
-247 308 -701
-242 310 -695
-242 310 -695
-245 312 -701
-244 312 -703
-244 312 -703
-244 312 -703
-240 309 -701
-240 309 -701
-245 309 -700
-242 311 -702
-242 311 -702
-243 308 -700
-243 308 -700
-244 310 -702
-245 309 -701
-245 309 -701
-244 313 -698
-246 310 -701
-246 310 -701
-245 311 -701
-245 311 -701
-243 310 -699
-243 309 -698
-243 309 -698
-246 310 -698
-245 310 -699
-245 310 -699
-244 310 -701
-244 310 -701
-245 309 -700
-245 309 -701
-245 309 -701
-244 310 -698
-244 312 -699
-244 312 -699
-244 310 -700
-246 309 -701
-246 309 -701
-242 308 -703
-242 308 -703
-241 310 -702
-245 310 -703
-245 310 -703
-244 312 -701
-245 306 -701
-245 306 -701
-243 313 -698
-243 313 -698
-242 309 -702
-245 309 -700
-245 309 -700
-242 307 -700
-245 311 -700
-245 311 -700
-244 308 -703
-244 308 -703
-244 308 -703
-245 308 -700
-245 308 -700
-245 308 -699
-242 308 -700
-242 308 -700
-241 309 -700
-245 312 -700
-245 312 -700
-241 311 -703
-241 311 -703
-243 310 -699
-245 310 -701
-245 310 -701
-245 309 -700
-245 313 -699
-245 313 -699
-241 308 -700
-241 308 -700
-242 310 -700
-244 312 -699
-244 312 -699
-245 309 -700
-244 310 -701
-244 310 -701
-244 309 -702
-243 311 -698
-243 311 -698
-242 311 -701
-242 311 -701
-242 310 -698
-244 311 -701
-244 311 -701
-241 310 -702
-245 309 -700
-245 309 -700
-245 309 -699
-245 309 -699
-245 313 -699
-243 311 -698
-243 311 -698
-246 310 -701
-243 308 -699
-243 308 -699
-244 311 -699
-244 311 -699
-244 309 -701
-245 312 -702
-245 312 -702
-245 311 -700
-244 311 -700
-244 311 -700
-244 310 -700
-242 312 -702
-242 312 -702
-243 310 -700
-243 310 -700
-243 311 -701
-244 311 -701
-244 311 -701
-242 311 -700
-243 311 -700
-243 311 -700
-243 313 -697
-243 313 -697
-243 312 -699
-244 309 -698
-244 309 -698
-243 310 -699
-243 309 -700
-243 309 -700
-244 311 -699
-244 311 -699
-244 311 -699
-246 310 -702
-246 310 -702
-246 308 -698
-246 309 -698
-246 309 -698
-243 311 -696
-245 310 -702
-245 310 -702
-246 311 -700
-246 311 -700
-243 311 -701
-245 310 -703
-245 310 -703
-243 309 -700
-243 311 -701
-243 311 -701
-241 310 -699
-241 310 -699
-243 310 -703
-247 311 -696
-247 311 -696
-241 310 -700
-244 313 -701
-244 313 -701
-243 311 -701
-244 309 -701
-244 309 -701
-244 311 -703
-244 311 -703
-244 307 -699
-245 311 -697
-245 311 -697
-244 310 -700
-243 313 -701
-243 313 -701
-244 313 -700
-244 313 -700
-242 313 -697
-244 312 -700
-244 312 -700
-245 311 -702
-244 311 -701
-244 311 -701
-244 312 -698
-244 312 -698
-244 312 -699
-245 309 -700
-245 309 -700
-244 310 -702
-245 310 -701
-245 310 -701
-241 311 -701
-244 308 -700
-244 308 -700
-244 309 -701
-244 309 -701
-244 309 -698
-243 311 -701
-243 311 -701
-242 309 -698
-242 309 -700
-242 309 -700
-243 312 -699
-243 312 -699
-244 310 -699
-248 310 -701
-248 310 -701
-245 310 -698
-244 309 -700
-244 309 -700
-243 311 -698
-243 311 -698
-243 311 -698
-243 312 -700
-243 312 -700
-246 311 -700
-243 311 -701
-243 311 -701
-242 310 -700
-244 309 -702
-244 309 -702
-245 308 -701
-245 308 -701
-242 310 -698
-243 311 -701
-243 311 -701
-242 309 -702
-243 310 -699
-243 310 -699
-243 308 -698
-243 308 -698
-243 308 -699
-246 310 -698
-246 310 -698
-245 310 -699
-244 311 -699
-244 311 -699
-245 311 -700
-247 308 -700
-247 308 -700
-245 311 -701
-245 311 -701
-242 313 -701
-246 311 -695
-246 311 -695
-245 313 -699
-248 312 -699
-248 312 -699
-245 310 -700
-245 310 -700
-246 311 -700
-243 309 -697
-243 309 -697
-243 311 -700
-242 310 -700
-242 310 -700
-244 311 -700
-244 311 -700
-244 311 -700
-243 310 -701
-243 310 -701
-245 310 -699
-245 312 -702
-245 312 -702
-244 310 -697
-245 311 -699
-245 311 -699
-243 311 -699
-243 311 -699
-244 308 -700
-244 307 -697
-244 307 -697
-245 311 -700
-244 310 -700
-244 310 -700
-245 309 -702
-245 309 -702
-246 310 -697
-242 311 -701
-242 311 -701
-243 311 -700
-244 312 -702
-244 312 -702
-245 310 -700
-245 310 -700
-245 310 -700
-244 308 -702
-244 308 -702
-246 310 -698
-244 310 -702
-244 310 -702
-244 310 -698
-243 308 -699
-243 308 -699
-243 309 -702
-243 309 -702
-245 311 -702
-241 313 -698
-241 313 -698
-244 312 -697
-244 309 -699
-244 309 -699
-244 310 -700
-244 310 -700
-246 313 -701
-246 311 -701
-246 311 -701
-245 312 -698
-243 308 -698
-243 308 -698
-248 311 -700
-243 312 -698
-243 312 -698
-245 309 -698
-245 309 -698
-244 311 -700
-240 309 -700
-240 309 -700
-245 310 -699
-243 309 -702
-243 309 -702
-243 308 -699
-243 308 -699
-241 310 -699
-245 311 -703
-245 311 -703
-243 311 -700
-245 312 -700
-245 312 -700
-243 309 -698
-243 309 -698
-244 311 -699
-242 310 -699
-242 310 -699
-244 309 -700
-242 310 -701
-242 310 -701
-244 310 -696
-242 310 -698
-242 310 -698
-245 312 -701
-245 312 -701
-246 311 -697
-246 311 -698
-246 311 -698
-244 309 -698
-247 311 -699
-247 311 -699
-243 308 -701
-243 308 -701
-244 311 -702
-244 310 -703
-244 310 -703
-243 310 -698
-244 312 -701
-244 312 -701
-244 308 -701
-244 312 -701
-245 312 -701
-242 312 -702
-242 312 -702
-244 311 -700
-246 310 -699
-246 310 -699
-244 311 -700
-240 309 -700
-240 309 -700
-245 310 -700
-245 310 -700
-242 309 -702
-242 311 -701
-242 311 -701
-244 311 -699
-243 311 -703
-243 311 -703
-243 311 -698
-243 311 -698
-245 309 -698
-245 311 -701
-245 311 -701
-246 311 -701
-242 308 -701
-242 308 -701
-241 312 -698
-242 307 -702
-242 307 -702
-242 310 -700
-242 310 -700
-244 312 -698
-242 309 -700
-242 309 -700
-245 314 -700
-244 309 -699
-244 309 -699
-243 308 -702
-243 308 -702
-245 310 -701
-243 309 -699
-243 309 -699
-244 310 -701
-244 309 -702
-244 309 -702
-242 309 -702
-242 309 -702
-245 312 -699
-243 310 -697
-243 310 -697
-245 310 -700
-243 310 -698
-243 310 -698
-245 309 -696
-246 309 -699
-246 309 -699
-242 309 -700
-242 309 -700
-246 311 -697
-244 314 -698
-244 314 -698
-244 309 -702
-245 310 -701
-245 310 -701
-243 311 -701
-243 311 -701
-247 312 -703
-244 309 -701
-244 309 -701
-244 311 -702
-242 310 -701
-242 310 -701
-245 310 -699
-245 311 -697
-244 311 -697
-244 311 -699
-244 311 -699
-245 308 -701
-243 310 -700
-243 310 -700
-245 311 -700
-242 311 -700
-242 311 -700
-245 311 -697
-245 311 -697
-243 309 -700
-243 308 -700
-243 308 -700
-246 309 -700
-243 310 -699
-243 310 -699
-247 310 -700
-247 310 -700
-245 309 -700
-245 310 -698
-245 310 -698
-242 310 -699
-243 310 -700
-243 310 -700
-244 313 -698
-244 310 -701
-244 310 -701
-244 310 -699
-244 310 -699
-245 310 -701
-243 311 -701
-243 311 -701
-244 310 -699
-241 313 -702
-241 313 -702
-243 308 -700
-243 308 -700
-245 310 -701
-243 309 -700
-243 309 -700
-245 310 -702
-245 311 -699
-245 311 -699
-244 309 -700
-244 309 -700
-242 310 -701
-244 307 -699
-244 307 -699
-244 308 -698
-243 312 -697
-243 312 -697
-244 309 -700
-246 313 -700
-246 313 -700
-241 312 -700
-241 312 -700
-245 310 -698
-242 312 -700
-242 312 -700
-243 311 -700
-245 310 -701
-245 310 -701
-244 312 -701
-244 312 -701
-245 313 -701
-242 312 -700
-242 312 -700
-244 310 -701
-241 310 -701
-241 310 -701
-245 311 -703
-243 311 -701
-243 311 -701
-242 308 -701
-242 308 -701
-244 307 -700
-245 308 -700
-245 308 -700
-243 309 -699
-243 309 -699
-243 309 -699
-242 308 -697
-242 308 -697
-244 309 -700
-247 308 -698
-247 308 -698
-246 312 -700
-242 309 -701
-242 309 -701
-242 310 -697
-242 310 -697
-244 311 -702
-243 310 -700
-243 310 -700
-245 308 -696
-246 310 -705
-246 310 -705
-243 311 -700
-244 311 -698
-244 311 -698
-244 311 -702
-244 311 -702
-243 313 -698
-242 310 -699
-242 310 -699
-245 310 -698
-243 308 -700
-243 308 -700
-246 311 -700
-246 311 -700
-242 310 -701
-243 311 -699
-243 311 -699
-242 311 -700
-244 311 -700
-244 311 -700
-246 308 -702
-246 308 -702
-241 312 -703
-242 310 -698
-242 310 -698
-244 312 -700
-245 312 -697
-245 312 -697
-243 309 -699
-244 311 -703
-244 311 -703
-247 314 -699
-247 314 -699
-242 310 -698
-242 308 -700
-242 308 -700
-242 311 -702
-247 312 -698
-247 312 -698
-245 312 -699
-245 312 -699
-245 309 -700
-244 311 -700
-244 311 -700
-244 310 -698
-245 309 -698
-245 309 -698
-247 307 -696
-243 311 -698
-243 311 -698
-242 311 -698
-242 311 -698
-246 310 -700
-245 310 -701
-245 310 -701
-244 309 -699
-245 312 -703
-245 312 -703
-243 308 -699
-243 308 -699
-244 311 -698
-244 307 -698
-244 307 -698
-244 310 -698
-245 311 -700
-245 311 -700
-243 311 -700
-243 311 -700
-243 312 -701
-243 311 -702
-243 311 -702
-244 312 -699
-242 308 -696
-242 308 -696
-242 310 -699
-243 311 -699
-243 311 -699
-242 310 -701
-242 310 -701
-249 312 -700
-243 310 -701
-243 310 -701
-246 309 -699
-245 310 -702
-245 310 -702
-246 309 -701
-246 309 -701
-243 310 -701
-244 311 -700
-244 311 -700
-242 312 -701
-244 309 -701
-244 309 -701
-242 309 -700
-242 309 -700
-244 311 -701
-245 310 -700
-245 310 -700
-246 311 -699
-241 313 -702
-241 313 -702
-243 310 -702
-244 312 -699
-244 312 -699
-243 310 -699
-243 310 -699
-244 308 -700
-243 310 -705
-243 310 -705
-245 312 -702
-242 312 -701
-242 312 -701
-246 311 -701
-246 311 -701
-245 309 -701
-243 311 -701
-243 311 -701
-244 307 -700
-243 308 -699
-243 308 -699
-242 308 -698
-242 309 -699
-242 309 -699
-244 308 -698
-244 308 -698
-245 309 -699
-244 313 -702
-244 313 -702
-246 309 -701
-242 309 -696
-242 309 -696
-244 309 -701
-244 309 -701
-245 311 -698
-247 311 -701
-247 311 -701
-246 310 -700
-244 307 -702
-244 307 -702
-244 308 -699
-244 308 -699
-245 312 -699
-242 309 -698
-242 309 -698
-243 311 -700
-245 313 -700
-245 313 -700
-245 308 -702
-246 307 -699
-246 307 -699
-244 310 -699
-244 310 -699
-243 310 -701
-240 311 -701
-240 311 -701
-243 310 -700
-242 308 -700
-242 308 -700
-245 310 -701
-245 310 -701
-245 310 -702
-244 311 -701
-244 311 -701
-243 309 -704
-243 312 -697
-243 312 -697
-242 313 -700
-242 313 -700
-243 313 -701
-244 312 -699
-244 312 -699
-241 312 -700
-243 309 -699
-243 309 -699
-245 310 -700
-246 308 -699
-246 308 -699
-243 312 -702
-243 312 -702
-244 311 -702
-243 311 -699
-243 311 -699
-244 311 -700
-244 310 -700
-244 310 -700
-245 310 -700
-245 310 -700
-244 310 -699
-245 310 -697
-245 310 -697
-244 312 -700
-241 310 -696
-241 310 -696
-244 309 -701
-244 309 -701
-242 311 -701
-243 312 -701
-243 312 -701
-243 311 -699
-246 311 -700
-246 311 -700
-242 311 -699
-243 310 -701
-243 310 -701
-242 311 -701
-242 311 -701
-242 311 -700
-246 311 -699
-246 311 -699
-244 309 -698
-244 308 -700
-244 308 -700
-244 309 -701
-244 309 -701
-244 310 -699
-244 310 -701
-244 310 -701
-245 310 -700
-244 309 -698
-244 309 -698
-246 309 -698
-244 310 -701
-244 310 -701
-242 309 -700
-242 309 -700
-245 312 -701
-244 311 -698
-244 311 -698
-247 311 -701
-245 310 -700
-245 310 -700
-244 310 -700
-244 310 -700
-246 310 -698
-244 309 -701
-244 309 -701
-245 313 -699
-243 312 -701
-243 312 -701
-243 313 -699
-243 313 -699
-244 310 -699
-242 311 -701
-242 311 -701
-247 311 -699
-244 311 -700
-244 311 -700
-241 309 -700
-243 312 -699
-243 312 -699
-244 312 -702
-244 312 -702
-246 309 -700
-246 311 -698
-246 311 -698
-243 309 -698
-245 310 -699
-245 310 -699
-245 312 -700
-245 312 -700
-245 310 -698
-243 309 -699
-243 309 -699
-241 311 -700
-243 310 -700
-243 310 -700
-245 312 -699
-245 312 -699
-243 311 -699
-245 312 -701
-245 312 -701
-243 310 -700
-242 309 -698
-242 309 -698
-243 311 -702
-244 310 -701
-244 310 -701
-245 310 -698
-245 310 -698
-246 312 -701
-244 311 -702
-244 311 -702
-243 310 -701
-243 309 -700
-243 309 -700
-239 310 -701
-239 310 -701
-243 311 -697
-247 310 -697
-247 310 -697
-246 310 -697
-244 309 -697
-244 309 -697
-243 313 -699
-244 312 -699
-244 312 -699
-248 310 -701
-248 310 -701
-243 311 -699
-246 312 -699
-246 312 -699
-241 311 -700
-246 309 -701
-246 309 -701
-243 312 -701
-243 312 -701
-241 310 -702
-242 312 -700
-242 312 -700
-242 311 -699
-243 310 -700
-243 310 -700
-245 310 -698
-245 310 -698
-243 314 -700
-243 310 -702
-243 310 -702
-244 310 -699
-242 309 -701
-242 309 -701
-243 311 -700
-243 311 -699
-243 311 -699
-241 310 -701
-241 310 -701
-244 310 -701
-245 308 -700
-245 308 -700
-246 313 -699
-245 312 -700
-245 312 -700
-245 312 -698
-245 312 -698
-244 309 -701
-244 310 -701
-244 310 -701
-245 310 -699
-243 313 -699
-243 313 -699
-244 307 -701
-244 309 -700
-241 309 -700
-243 313 -697
-243 313 -697
-247 311 -703
-245 311 -698
-245 311 -698
-242 310 -699
-242 308 -702
-242 308 -702
-243 310 -697
-243 310 -697
-245 308 -702
-243 312 -700
-243 312 -700
-243 311 -702
-245 313 -700
-245 313 -700
-247 310 -700
-247 310 -700
-246 312 -700
-245 308 -699
-245 308 -699
-243 308 -700
-245 309 -700
-245 309 -700
-244 311 -699
-243 312 -699
-243 312 -699
-245 312 -701
-245 312 -701
-244 308 -700
-244 310 -701
-244 310 -701
-243 313 -701
-244 309 -702
-244 309 -702
-243 308 -701
-243 308 -701
-243 313 -701
-240 311 -698
-240 311 -698
-245 309 -700
-242 310 -700
-242 310 -700
-244 308 -701
-244 308 -701
-245 309 -704
-243 309 -697
-243 309 -697
-244 311 -697
-243 309 -700
-243 309 -700
-243 311 -701
-245 309 -700
-245 309 -700
-246 309 -699
-246 309 -699
-245 310 -702
-243 312 -700
-243 312 -700
-245 313 -701
-243 312 -699
-243 312 -699
-242 312 -700
-242 312 -700
-243 307 -699
-243 313 -704
-243 313 -704
-244 309 -700
-243 309 -701
-243 309 -701
-244 309 -700
-244 311 -700
-244 311 -700
-243 312 -701
-243 312 -701
-244 310 -700
-244 310 -698
-244 310 -698
-246 310 -700
-243 314 -698
-243 314 -698
-244 312 -701
-244 312 -701
-242 309 -700
-245 310 -699
-245 310 -699
-245 312 -699
-243 311 -699
-243 311 -699
-243 310 -699
-243 310 -699
-244 310 -699
-244 311 -698
-244 311 -698
-242 308 -701
-242 310 -698
-242 310 -698
-243 311 -702
-245 310 -699
-245 310 -699
-244 309 -700
-244 309 -700
-244 311 -703
-243 310 -701
-243 310 -701
-244 312 -702
-240 314 -700
-240 314 -700
-242 311 -699
-242 311 -699
-244 312 -701
-241 308 -701
-241 308 -701
-246 312 -700
-245 311 -698
-245 311 -698
-244 310 -700
-244 310 -700
-246 311 -703
-245 311 -700
-245 311 -700
-244 311 -699
-243 311 -701
-243 311 -701
-243 310 -701
-243 309 -700
-243 309 -700
-243 312 -699
-243 312 -699
-241 309 -702
-244 313 -700
-244 313 -700
-245 310 -700
-243 308 -700
-243 308 -700
-243 312 -700
-243 312 -700
-244 307 -703
-242 310 -699
-242 310 -699
-240 311 -702
-244 311 -701
-244 311 -701
-242 309 -700
-242 309 -699
-244 309 -699
-246 307 -702
-246 307 -702
-244 308 -697
-246 312 -700
-246 312 -700
-243 313 -699
-245 310 -699
-245 310 -699
-245 311 -699
-245 311 -699
-243 310 -698
-243 310 -699
-243 310 -699
-243 312 -698
-245 311 -700
-245 311 -700
-244 309 -699
-244 309 -699
-243 309 -699
-244 309 -701
-244 309 -701
-243 310 -701
-245 310 -700
-245 310 -700
-243 309 -698
-242 308 -700
-242 308 -700
-243 310 -699
-243 310 -699
-243 311 -700
-244 310 -698
-244 310 -698
-244 309 -702
-243 311 -700
-243 311 -700
-245 311 -702
-245 311 -702
-244 308 -701
-245 310 -698
-245 310 -698
-244 309 -698
-242 313 -699
-242 313 -699
-244 311 -698
-244 311 -698
-241 309 -700
-244 310 -700
-244 310 -700
-243 312 -699
-247 311 -701
-247 311 -701
-245 310 -699
-244 313 -701
-244 313 -701
-244 309 -698
-244 309 -698
-244 309 -701
-243 310 -700
-243 310 -700
-246 309 -702
-244 311 -700
-244 311 -700
-247 310 -700
-247 310 -700
-242 310 -699
-244 309 -697
-244 309 -697
-244 309 -701
-248 310 -700
-248 310 -700
-243 313 -698
-243 313 -698
-245 313 -703
-244 311 -702
-244 311 -702
-243 310 -702
-242 311 -700
-242 311 -700
-242 309 -702
-243 309 -700
-243 309 -700
-247 312 -698
-247 312 -698
-244 311 -699
-244 312 -700
-244 312 -700
-243 312 -699
-244 310 -699
-244 310 -699
-241 312 -699
-241 312 -699
-240 310 -700
-245 312 -701
-245 312 -701
-242 311 -699
-241 310 -702
-241 310 -702
-245 311 -703
-245 311 -702
-242 311 -702
-243 311 -702
-243 311 -702
-243 309 -698
-245 311 -702
-245 311 -702
-246 309 -703
-245 310 -701
-245 310 -701
-242 310 -704
-242 310 -704
-243 312 -702
-245 310 -699
-245 310 -699
-244 311 -701
-245 309 -702
-245 309 -702
-247 312 -701
-247 312 -701
-245 309 -698
-240 310 -699
-240 310 -699
-242 310 -701
-241 312 -699
-241 312 -699
-244 310 -698
-245 310 -702
-245 310 -702
-242 311 -701
-242 311 -701
-242 311 -700
-244 309 -703
-244 309 -703
-244 309 -699
-243 312 -701
-243 312 -701
-244 309 -698
-244 309 -698
-243 311 -699
-244 310 -700
-244 310 -700
-243 310 -699
-244 308 -699
-244 308 -699
-247 313 -703
-247 313 -703
-245 312 -699
-245 310 -697
-245 310 -697
-247 312 -699
-245 312 -702
-245 312 -702
-244 312 -697
-243 311 -701
-243 311 -701
-244 311 -699
-244 311 -699
-242 310 -701
-247 312 -700
-247 312 -700
-243 311 -703
-246 311 -700
-246 311 -700
-244 313 -702
-244 313 -702
-241 312 -698
-242 309 -700
-242 309 -700
-244 310 -703
-245 311 -701
-245 311 -701
-248 310 -698
-248 310 -698
-246 311 -699
-243 310 -700
-243 310 -700
-245 311 -700
-243 310 -700
-243 310 -700
-243 310 -701
-242 307 -700
-242 307 -700
-245 309 -701
-245 309 -701
-244 310 -699
-248 310 -700
-248 310 -700
-245 308 -701
-244 310 -700
-244 310 -700
-243 311 -699
-243 311 -699
-246 309 -700
-244 310 -700
-244 310 -700
-245 308 -699
-242 310 -698
-242 310 -698
-242 311 -700
-242 311 -700
-241 310 -699
-242 310 -699
-242 310 -699
-244 308 -700
-241 311 -701
-241 311 -701
-242 312 -701
-243 310 -702
-243 310 -702
-241 312 -701
-241 312 -701
-244 310 -697
-242 311 -701
-242 311 -701
-243 311 -701
-243 308 -700
-243 308 -700
-246 310 -699
-246 310 -699
-243 309 -700
-245 310 -701
-245 310 -701
-248 311 -699
-243 308 -700
-243 308 -700
-246 311 -699
-246 309 -700
-246 309 -700
-243 310 -700
-243 310 -700
-242 311 -698
-242 310 -700
-242 310 -700
-242 310 -700
-243 312 -699
-243 312 -699
-246 310 -699
-246 310 -699
-245 311 -701
-245 312 -698
-245 312 -698
-244 310 -701
-242 312 -702
-242 312 -702
-243 311 -699
-243 311 -699
-242 312 -700
-244 313 -698
-244 313 -698
-243 309 -701
-246 312 -703
-246 312 -703
-248 310 -700
-244 312 -699
-244 312 -699
-242 312 -696
-242 312 -696
-243 308 -698
-246 309 -699
-246 309 -699
-244 309 -698
-243 311 -700
-243 311 -700
-243 312 -698
-243 312 -698
-243 311 -702
-244 311 -702
-244 311 -702
-244 311 -702
-245 310 -699
-245 310 -699
-244 311 -702
-244 311 -702
-243 311 -700
-245 310 -702
-245 310 -702
-243 312 -700
-243 310 -699
-243 310 -699
-242 310 -701
-246 312 -697
-246 312 -697
-244 312 -698
-244 312 -698
-243 309 -700
-243 311 -700
-243 311 -700
-246 309 -699
-246 311 -699
-246 311 -699
-245 313 -698
-245 313 -698
-243 311 -698
-245 310 -697
-245 310 -697
-247 311 -697
-245 311 -699
-245 311 -699
-244 310 -698
-244 312 -701
-244 312 -701
-242 310 -700
-242 310 -700
-244 312 -701
-241 312 -701
-241 312 -701
-244 309 -700
-242 312 -699
-242 312 -699
-241 310 -701
-241 310 -701
-245 312 -701
-244 309 -702
-244 309 -702
-243 309 -700
-244 309 -700
-244 309 -700
-242 312 -698
-242 312 -698
-246 310 -701
-244 310 -697
-244 310 -697
-247 311 -701
-245 311 -699
-245 311 -699
-245 309 -699
-244 311 -700
-244 311 -700
-246 309 -699
-246 309 -699
-245 310 -701
-243 315 -702
-243 315 -702
-244 312 -699
-242 310 -700
-242 310 -700
-245 310 -696
-245 310 -696
-244 311 -700
-243 311 -697
-243 311 -697
-246 309 -700
-243 310 -700
-243 310 -700
-244 310 -701
-244 310 -701
-242 311 -699
-244 311 -698
-244 311 -698
-243 312 -700
-246 310 -699
-246 310 -699
-246 310 -700
-244 311 -699
-244 311 -699
-242 311 -701
-242 311 -701
-245 311 -700
-244 310 -699
-244 310 -699
-245 309 -700
-243 310 -701
-243 310 -701
-246 309 -699
-246 309 -699
-245 314 -698
-246 311 -702
-246 311 -702
-244 309 -699
-244 313 -700
-244 313 -700
-246 310 -701
-246 310 -701
-246 310 -701
-242 309 -704
-242 309 -704
-242 308 -700
-245 311 -698
-245 311 -698
-244 308 -701
-242 312 -702
-242 312 -702
-244 310 -700
-244 310 -700
-244 308 -698
-241 310 -700
-241 310 -700
-243 308 -699
-244 310 -700
-244 310 -700
-245 310 -701
-245 310 -701
-246 311 -700
-245 311 -701
-245 311 -701
-245 310 -699
-246 311 -701
-246 311 -701
-245 311 -700
-246 309 -702
-246 309 -702
-244 312 -699
-244 312 -699
-242 311 -701
-241 311 -699
-241 311 -699
-244 313 -701
-240 310 -698
-240 310 -698
-244 311 -700
-244 311 -700
-244 309 -701
-241 308 -700
-241 308 -700
-241 309 -698
-246 308 -701
-246 308 -701
-245 309 -699
-245 309 -699
-244 311 -699
-246 310 -698
-246 310 -698
-244 313 -698
-242 310 -701
-242 310 -701
-245 311 -696
-245 310 -699
-245 310 -699
-247 311 -701
-247 311 -701
-245 312 -698
-244 310 -698
-244 310 -698
-244 310 -702
-245 309 -701
-245 309 -701
-243 311 -701
-243 311 -701
-246 311 -701
-244 313 -701
-244 313 -701
-242 312 -701
-242 311 -703
-242 311 -703
-243 310 -700
-243 311 -701
-243 311 -701
-243 310 -701
-243 310 -701
-243 309 -700
-244 312 -699
-244 312 -699
-242 311 -699
-244 311 -698
-244 311 -698
-244 309 -699
-244 309 -699
-249 310 -699
-246 309 -700
-246 309 -700
-245 310 -699
-244 310 -698
-244 310 -698
-240 310 -699
-240 310 -699
-243 314 -700
-242 311 -700
-242 311 -700
-242 308 -702
-242 310 -701
-242 310 -701
-246 310 -699
-243 310 -702
-243 310 -702
-242 313 -700
-242 313 -700
-244 314 -700
-245 313 -698
-245 313 -698
-247 313 -701
-243 309 -701
-243 309 -701
-244 313 -700
-244 313 -700
-243 308 -698
-244 310 -698
-244 310 -698
-244 310 -698
-245 311 -702
-245 311 -702
-245 310 -698
-245 310 -698
-245 310 -698
-244 312 -697
-244 312 -697
-245 312 -699
-246 310 -700
-246 310 -700
-242 310 -702
-244 309 -696
-244 309 -696
-244 309 -699
-244 309 -699
-247 314 -703
-245 311 -699
-245 311 -699
-245 311 -701
-241 311 -699
-241 311 -699
-243 312 -702
-243 312 -702
-244 312 -700
-241 309 -701
-241 309 -701
-242 310 -702
-244 310 -699
-244 310 -699
-244 311 -698
-243 314 -702
-243 314 -702
-245 309 -703
-245 309 -703
-243 311 -699
-244 311 -699
-244 311 -699
-241 311 -700
-245 310 -699
-245 310 -699
-244 310 -701
-244 310 -701
-241 309 -703
-241 311 -702
-241 311 -702
-247 313 -698
-244 311 -700
-244 311 -700
-243 311 -702
-243 311 -702
-246 311 -702
-244 312 -698
-244 312 -698
-244 310 -699
-239 309 -699
-239 309 -699
-244 313 -703
-246 310 -701
-246 310 -701
-243 310 -701
-243 310 -701
-243 310 -699
-244 311 -698
-244 311 -698
-243 311 -701
-245 311 -700
-245 311 -700
-242 310 -697
-242 310 -697
-244 310 -698
-244 310 -700
-244 310 -700
-245 310 -702
-245 311 -699
-245 311 -699
-244 309 -702
-244 309 -702
-244 309 -702
-244 310 -700
-244 310 -700
-245 309 -703
-244 308 -700
-244 308 -700
-247 311 -699
-244 310 -698
-244 310 -698
-242 308 -701
-242 308 -701
-241 310 -698
-242 310 -701
-242 310 -701
-245 309 -700
-243 310 -701
-243 310 -701
-241 311 -699
-241 311 -699
-243 312 -702
-245 308 -700
-245 308 -700
-245 311 -698
-245 309 -701
-245 309 -701
-242 312 -698
-244 309 -700
-244 309 -700
-244 310 -701
-244 310 -701
-246 309 -700
-244 311 -701
-244 311 -701
-244 309 -700
-246 313 -699
-246 313 -699
-244 312 -703
-244 312 -703
-244 310 -699
-243 312 -700
-243 312 -700
-242 312 -699
-244 312 -699
-244 312 -699
-243 313 -702
-243 313 -702
-242 312 -702
-245 311 -701
-245 311 -701
-243 310 -701
-246 309 -699
-246 309 -699
-244 311 -701
-244 312 -700
-244 312 -700
-244 310 -699
-244 310 -699
-244 310 -702
-243 311 -698
-243 311 -698
-245 310 -699
-244 310 -698
-244 310 -698
-246 313 -700
-246 313 -700
-243 308 -701
-244 310 -700
-244 310 -700
-244 314 -699
-243 309 -699
-243 309 -699
-244 310 -702
-243 310 -700
-243 310 -700
-244 312 -700
-244 312 -700
-243 311 -699
-243 309 -700
-243 309 -700
-244 311 -700
-243 309 -700
-243 309 -700
-244 312 -702
-244 312 -702
-246 312 -703
-243 311 -701
-243 311 -701
-244 309 -702
-246 307 -701
-246 307 -701
-243 310 -700
-243 310 -700
-244 314 -698
-243 310 -699
-243 310 -699
-246 309 -699
-244 310 -699
-244 310 -699
-246 313 -701
-245 309 -701
-245 309 -701
-246 310 -700
-246 310 -700
-242 310 -697
-243 309 -700
-243 309 -700
-243 311 -701
-245 310 -703
-245 310 -703
-242 312 -700
-242 312 -700
-241 313 -703
-244 311 -698
-244 311 -698
-243 310 -700
-243 310 -698
-243 310 -698
-243 311 -699
-243 311 -699
-245 312 -700
-245 310 -700
-245 310 -700
-245 309 -700
-244 309 -700
-244 309 -700
-246 311 -701
-244 311 -699
-244 311 -699
-245 311 -700
-245 311 -700
-241 310 -701
-242 311 -699
-242 311 -699
-245 311 -699
-245 309 -699
-245 309 -699
-243 315 -700
-243 315 -700
-243 308 -702
-243 311 -700
-243 311 -700
-245 310 -700
-242 310 -699
-242 310 -699
-242 310 -701
-243 310 -702
-243 310 -702
-243 312 -702
-243 312 -702
-245 309 -701
-242 311 -701
-242 311 -701
-243 309 -701
-241 311 -700
-241 311 -700
-243 310 -701
-243 310 -701
-245 310 -699
-244 311 -701
-244 311 -701
-246 310 -699
-247 310 -701
-247 310 -701
-244 311 -698
-244 311 -698
-244 307 -700
-243 310 -698
-243 310 -698
-243 311 -701
-243 312 -700
-243 312 -700
-246 310 -699
-245 310 -699
-245 310 -699
-244 309 -701
-244 309 -701
-242 309 -702
-243 311 -700
-243 311 -700
-244 311 -700
-244 311 -701
-244 311 -701
-242 311 -703
-242 311 -703
-241 309 -700
-245 311 -701
-245 311 -701
-243 310 -700
-242 310 -700
-242 310 -700
-244 310 -700
-244 310 -700
-244 310 -700
-245 311 -698
-245 311 -698
-247 310 -698
-246 312 -699
-246 312 -699
-245 309 -702
-244 312 -699
-244 312 -699
-241 312 -699
-241 312 -699
-244 310 -701
-244 309 -701
-244 309 -701
-245 309 -698
-243 311 -700
-243 311 -700
-244 312 -700
-244 312 -700
-243 311 -700
-243 310 -702
-243 310 -702
-245 311 -699
-242 310 -700
-242 310 -700
-244 311 -699
-242 308 -699
-242 308 -699
-244 309 -701
-244 309 -701
-245 313 -698
-246 311 -699
-246 311 -699
-248 312 -702
-245 309 -702
-245 309 -702
-242 311 -700
-242 311 -700
-243 309 -698
-243 311 -701
-243 311 -701
-245 310 -701
-242 309 -700
-242 309 -700
-245 310 -702
-245 310 -702
-242 310 -700
-242 311 -699
-242 311 -699
-243 309 -697
-245 312 -699
-245 312 -699
-246 313 -702
-244 309 -700
-244 309 -700
-245 311 -700
-245 311 -700
-244 313 -702
-243 312 -701
-243 312 -701
-243 310 -701
-242 311 -700
-242 311 -700
-244 311 -700
-244 311 -700
-246 309 -702
-242 312 -699
-242 312 -699
-244 310 -698
-243 310 -701
-243 310 -701
-241 308 -700
-241 308 -700
-241 308 -700
-242 311 -702
-242 311 -702
-245 310 -699
-246 310 -701
-246 310 -701
-243 309 -702
-240 309 -701
-240 309 -701
-242 311 -698
-242 311 -698
-243 312 -702
-247 310 -703
-247 310 -703
-242 312 -699
-246 310 -699
-246 310 -699
-242 312 -698
-242 312 -698
-246 313 -700
-242 311 -702
-242 311 -702
-246 309 -700
-243 310 -698
-243 310 -698
-245 309 -699
-243 310 -701
-243 310 -701
-245 309 -697
-245 309 -697
-248 310 -700
-247 311 -701
-247 311 -701
-244 310 -698
-245 311 -700
-245 311 -700
-245 309 -699
-245 309 -699
-245 312 -701
-246 313 -701
-246 313 -701
-242 312 -701
-246 312 -698
-246 312 -698
-245 310 -699
-245 310 -699
-241 308 -701
-243 314 -700
-243 314 -700
-244 310 -705
-244 310 -697
-244 310 -697
-247 310 -700
-244 310 -701
-244 310 -701
-242 311 -701
-242 311 -701
-241 311 -701
-246 307 -701
-246 307 -701
-244 312 -701
-246 309 -700
-246 309 -700
-244 309 -698
-244 309 -698
-247 310 -700
-243 309 -697
-243 309 -697
-245 312 -702
-243 311 -698
-243 311 -698
-246 309 -699
-246 309 -699
-246 309 -699
-246 310 -699
-246 310 -699
-242 311 -700
-242 311 -698
-242 311 -698
-245 311 -699
-242 310 -702
-242 310 -702
-246 312 -701
-246 312 -701
-245 311 -702
-245 310 -700
-245 310 -700
-242 307 -700
-241 312 -700
-241 312 -700
-242 310 -701
-242 310 -701
-244 309 -697
-244 311 -701
-244 311 -701
-241 309 -701
-245 308 -699
-245 308 -699
-246 308 -701
-241 311 -699
-241 311 -699
-243 309 -699
-243 309 -699
-245 308 -699
-245 310 -700
-245 310 -700
-243 313 -700
-245 309 -697
-245 309 -697
-243 313 -699
-243 313 -699
-244 311 -701
-244 310 -700
-244 310 -700
-240 312 -702
-242 313 -703
-242 313 -703
-244 312 -702
-244 312 -702
-243 310 -701
-243 311 -701
-243 311 -701
-245 310 -701
-245 308 -700
-245 308 -700
-243 310 -702
-244 311 -702
-244 311 -702
-245 310 -703
-245 310 -703
-244 311 -700
-243 308 -700
-243 308 -700
-246 311 -699
-243 311 -698
-243 311 -698
-246 310 -700
-246 310 -700
-243 311 -701
-244 310 -702
-244 310 -702
-244 311 -701
-244 309 -697
-244 309 -697
-243 308 -701
-243 308 -701
-244 309 -701
-244 310 -700
-244 310 -700
-244 310 -701
-244 308 -701
-244 308 -701
-242 311 -700
-244 313 -700
-244 313 -700
-242 312 -702
-242 312 -702
-244 313 -703
-242 311 -698
-242 311 -698
-244 310 -701
-244 309 -700
-244 309 -700
-246 309 -701
-246 309 -701
-245 312 -700
-246 310 -699
-246 310 -699
-243 309 -697
-245 308 -700
-245 308 -700
-243 310 -699
-242 313 -700
-242 313 -700
-245 310 -699
-245 310 -699
-246 311 -700
-245 311 -699
-245 311 -699
-242 311 -699
-243 311 -700
-243 311 -700
-246 311 -699
-246 311 -699
-243 313 -700
-245 308 -700
-245 308 -700
-243 310 -700
-243 309 -700
-243 309 -700
-244 310 -700
-244 310 -700
-242 312 -700
-241 310 -698
-241 310 -698
-243 311 -700
-243 309 -701
-243 309 -701
-243 311 -699
-244 311 -703
-244 311 -703
-244 311 -699
-244 311 -699
-246 308 -700
-243 311 -699
-243 311 -699
-244 312 -699
-244 312 -704
-244 312 -704
-242 308 -703
-242 308 -703
-243 309 -700
-246 311 -701
-246 311 -701
-244 310 -699
-243 307 -701
-243 307 -701
-242 310 -701
-242 310 -701
-242 309 -700
-241 311 -699
-241 311 -699
-242 311 -697
-244 309 -700
-244 309 -700
-245 311 -701
-244 313 -697
-244 313 -697
-242 311 -700
-242 311 -700
-243 310 -701
-247 310 -700
-247 310 -700
-243 311 -700
-246 309 -698
-246 309 -698
-244 311 -700
-244 311 -700
-246 312 -701
-242 310 -700
-242 310 -700
-243 312 -704
-243 311 -700
-243 311 -700
-244 308 -700
-244 311 -702
-246 311 -702
-245 309 -699
-245 309 -699
-244 311 -700
-245 312 -697
-245 312 -697
-245 310 -701
-244 312 -698
-244 312 -698
-242 310 -701
-242 310 -701
-244 312 -701
-247 310 -701
-247 310 -701
-242 311 -701
-244 313 -699
-244 313 -699
-245 311 -698
-245 311 -698
-242 312 -699
-245 312 -699
-245 312 -699
-243 310 -701
-245 312 -702
-245 312 -702
-245 307 -699
-245 309 -699
-245 309 -699
-245 311 -699
-245 311 -699
-243 310 -701
-246 311 -698
-246 311 -698
-243 312 -702
-244 310 -702
-244 310 -702
-244 310 -701
-244 310 -701
-244 311 -704
-244 313 -699
-244 313 -699
-242 311 -698
-245 312 -702
-245 312 -702
-244 311 -703
-244 311 -703
-242 310 -701
-243 308 -701
-243 308 -701
-242 310 -699
-246 310 -698
-246 310 -698
-243 310 -699
-245 310 -699
-245 310 -699
-244 310 -699
-244 310 -699
-245 310 -701
-246 311 -695
-246 311 -695
-243 310 -700
-245 308 -700
-245 308 -700
-245 308 -702
-245 308 -702
-242 310 -700
-247 310 -699
-247 310 -699
-247 312 -702
-246 311 -696
-246 311 -696
-242 312 -702
-242 312 -700
-243 310 -700
-241 311 -701
-241 311 -701
-244 311 -700
-243 314 -700
-243 314 -700
-243 309 -698
-244 313 -700
-244 313 -700
-242 310 -699
-242 310 -699
-245 312 -698
-247 310 -700
-247 310 -700
-245 310 -700
-245 311 -702
-245 311 -702
-243 310 -700
-243 310 -700
-245 312 -700
-244 309 -697
-244 309 -697
-246 309 -695
-244 311 -698
-244 311 -698
-244 314 -701
-246 311 -701
-246 311 -701
-243 312 -702
-243 312 -702
-242 311 -698
-245 311 -701
-245 311 -701
-244 312 -699
-241 308 -701
-241 308 -701
-246 313 -701
-246 313 -701
-244 307 -699
-246 310 -702
-246 310 -702
-245 311 -700
-245 311 -700
-245 311 -700
-244 310 -699
-244 310 -699
-244 310 -702
-245 311 -700
-245 311 -700
-246 310 -698
-245 310 -696
-245 310 -696
-244 311 -700
-247 311 -698
-247 311 -698
-240 309 -699
-240 309 -699
-247 313 -698
-245 309 -702
-245 309 -702
-245 309 -700
-242 312 -703
-242 312 -703
-242 310 -700
-242 310 -700
-246 311 -699
-241 312 -703
-241 312 -703
-242 312 -700
-241 310 -702
-241 310 -702
-246 308 -701
-244 310 -701
-244 310 -701
-242 310 -701
-242 310 -701
-246 310 -697
-243 311 -701
-243 311 -701
-246 310 -701
-242 311 -700
-242 311 -700
-244 310 -700
-244 310 -700
-243 308 -699
-243 312 -701
-243 312 -701
-245 309 -700
-244 311 -701
-244 311 -701
-247 310 -698
-247 310 -698
-243 310 -700
-241 311 -698
-241 311 -698
-245 310 -700
-242 314 -700
-242 314 -700
-245 313 -701
-243 310 -700
-243 310 -700
-246 311 -698
-246 311 -698
-242 311 -698
-243 313 -700
-243 313 -700
-244 308 -699
-245 310 -700
-245 310 -700
-243 312 -697
-243 312 -697
-244 309 -701
-243 307 -699
-243 307 -699
-246 312 -698
-244 312 -701
-244 312 -701
-242 308 -700
-242 308 -700
-243 310 -699
-243 307 -701
-243 307 -701
-243 312 -697
-245 312 -701
-245 312 -701
-244 311 -701
-243 311 -701
-243 311 -701
-243 311 -699
-243 311 -699
-244 310 -700
-245 312 -702
-245 312 -702
-245 310 -700
-242 313 -699
-242 313 -699
-242 312 -702
-242 312 -702
-247 313 -698
-245 315 -697
-245 315 -697
-243 309 -699
-244 310 -700
-244 310 -700
-245 312 -702
-245 312 -702
-245 312 -702
-248 310 -700
-248 310 -700
-243 311 -699
-243 310 -701
-243 310 -701
-245 310 -700
-242 311 -699
-242 311 -699
-244 310 -701
-244 310 -701
-244 308 -699
-244 311 -701
-244 311 -701
-245 312 -699
-244 310 -698
-244 310 -698
-245 313 -701
-245 313 -701
-240 311 -702
-242 311 -699
-242 311 -699
-244 311 -700
-245 312 -700
-245 312 -700
-244 307 -698
-244 308 -700
-244 308 -700
-244 308 -701
-244 308 -701
-244 312 -698
-244 310 -700
-244 310 -700
-243 310 -701
-243 312 -699
-243 312 -699
-243 309 -700
-243 309 -700
-244 310 -698
-245 311 -699
-245 311 -699
-244 309 -698
-245 310 -701
-245 310 -701
-242 311 -699
-242 311 -699
-243 311 -699
-244 312 -704
-244 312 -704
-248 311 -699
-246 310 -698
-246 310 -698
-244 310 -700
-245 311 -699
-245 311 -699
-242 313 -697
-242 313 -697
-245 310 -701
-243 310 -703
-243 310 -703
-246 312 -700
-245 312 -700
-245 312 -700
-243 309 -700
-243 309 -700
-243 311 -699
-246 308 -703
-246 308 -703
-244 311 -702
-244 308 -701
-244 308 -701
-246 310 -700
-246 310 -700
-247 312 -700
-244 310 -701
-244 310 -701
-243 312 -698
-245 310 -698
-245 310 -698
-245 313 -700
-245 312 -701
-245 312 -701
-246 310 -702
-246 310 -702
-244 310 -700
-244 311 -702
-244 311 -702
-241 313 -702
-243 309 -698
-243 309 -698
-242 309 -699
-242 309 -699
-242 310 -701
-244 312 -701
-244 312 -701
-244 308 -700
-243 310 -697
-243 310 -697
-244 310 -701
-244 309 -703
-244 309 -703
-245 309 -700
-245 309 -700
-241 308 -699
-245 311 -697
-245 311 -697
-244 309 -698
-244 310 -699
-244 310 -699
-245 310 -699
-245 310 -699
-245 308 -698
-245 312 -701
-245 312 -701
-247 309 -700
-245 311 -700
-245 311 -700
-244 312 -700
-244 312 -700
-242 310 -702
-243 311 -698
-243 311 -698
-241 309 -702
-245 310 -702
-245 310 -702
-245 313 -699
-244 310 -700
-244 310 -700
-244 311 -702
-244 311 -702
-243 311 -701
-243 310 -702
-243 310 -702
-244 310 -701
-244 309 -699
-244 309 -699
-244 307 -701
-244 307 -701
-245 310 -702
-247 309 -698
-247 309 -698
-245 311 -699
-245 309 -699
-245 309 -699
-243 310 -699
-243 310 -699
-243 310 -699
-243 312 -701
-243 312 -701
-244 310 -699
-244 312 -701
-244 312 -701
-244 308 -698
-244 313 -699
-244 313 -699
-243 312 -701
-243 312 -701
-244 309 -703
-245 312 -701
-245 312 -701
-245 309 -700
-245 309 -699
-245 309 -699
-246 309 -701
-246 309 -701
-244 312 -699
-244 310 -700
-244 310 -700
-246 312 -698
-245 311 -702
-245 311 -702
-245 311 -702
-248 312 -700
-248 312 -700
-245 312 -699
-245 312 -699
-242 309 -700
-243 311 -700
-243 311 -700
-245 311 -698
-244 311 -701
-244 311 -701
-243 310 -698
-243 310 -698
-245 310 -699
-243 312 -698
-243 312 -698
-248 312 -701
-244 312 -699
-244 312 -699
-241 308 -699
-241 308 -699
-245 311 -703
-243 311 -702
-243 311 -702
-244 311 -700
-246 311 -701
-246 311 -701
-244 309 -698
-245 308 -702
-245 308 -702
-247 312 -699
-247 312 -699
-244 310 -700
-246 309 -699
-246 309 -699
-245 312 -702
-248 312 -700
-248 312 -700
-246 308 -703
-246 308 -703
-243 311 -700
-246 311 -700
-246 311 -700
-245 310 -702
-245 311 -700
-245 311 -700
-244 312 -700
-244 312 -700
-244 312 -700
-245 310 -700
-245 310 -700
-243 312 -701
-242 312 -701
-242 312 -701
-241 312 -703
-243 312 -697
-243 312 -697
-241 311 -700
-241 311 -700
-243 309 -700
-245 312 -701
-245 312 -701
-244 311 -699
-246 310 -702
-246 310 -702
-245 312 -700
-245 312 -700
-247 310 -700
-244 308 -701
-244 308 -701
-249 310 -702
-244 308 -700
-244 308 -700
-244 309 -697
-242 310 -700
-242 310 -700
-244 313 -699
-244 313 -699
-245 313 -700
-246 309 -700
-246 309 -700
-245 311 -701
-244 312 -702
-244 312 -702
-244 310 -702
-244 310 -702
-244 311 -701
-240 313 -700
-240 313 -700
-244 311 -700
-242 312 -699
-242 312 -699
-245 311 -701
-245 311 -701
-245 310 -699
-245 308 -700
-245 308 -700
-243 310 -700
-244 310 -698
-244 310 -698
-244 311 -699
-243 308 -701
-243 308 -701
-246 311 -699
-246 311 -699
-244 312 -698
-246 310 -701
-246 310 -701
-244 313 -698
-243 310 -698
-243 310 -698
-242 313 -700
-242 313 -700
-247 311 -698
-246 311 -701
-246 311 -701
-244 310 -701
-245 309 -702
-245 309 -702
-242 312 -700
-242 309 -699
-242 309 -699
-243 309 -699
-243 309 -699
-242 313 -699
-244 310 -699
-244 310 -699
-243 310 -701
-243 311 -700
-243 311 -700
-246 313 -701
-246 313 -701
-243 311 -699
-246 311 -699
-246 311 -699
-246 310 -700
-243 308 -700
-243 308 -700
-241 310 -700
-241 310 -700
-244 311 -700
-243 309 -701
-243 309 -701
-245 309 -699
-244 311 -699
-244 311 -699
-242 311 -700
-243 309 -701
-243 309 -701
-244 311 -700
-244 311 -700
-241 309 -701
-242 310 -701
-242 310 -701
-245 312 -700
-242 311 -700
-242 311 -700
-245 313 -702
-245 313 -702
-242 310 -700
-243 311 -701
-243 311 -701
-247 310 -702
-245 311 -702
-245 311 -702
-246 312 -699
-246 312 -699
-243 310 -698
-246 311 -701
-246 311 -701
-244 310 -699
-244 311 -699
-244 311 -699
-248 313 -705
-243 311 -703
-243 311 -703
-244 311 -700
-244 311 -700
-245 312 -698
-244 313 -698
-244 313 -698
-242 311 -701
-245 309 -698
-245 309 -698
-243 311 -698
-243 311 -698
-244 312 -699
-243 311 -700
-243 311 -700
-244 312 -701
-246 312 -701
-246 312 -701
-243 313 -702
-244 311 -700
-244 311 -700
-244 310 -700
-244 310 -700
-245 309 -699
-247 310 -702
-247 310 -702
-243 310 -699
-246 309 -699
-246 309 -699
-244 309 -699
-244 309 -699
-243 312 -699
-244 309 -703
-244 309 -703
-243 310 -697
-244 311 -699
-244 311 -699
-244 311 -701
-244 311 -701
-241 312 -700
-246 310 -700
-246 310 -700
-241 312 -700
-244 310 -702
-244 310 -702
-242 310 -702
-243 311 -701
-243 311 -701
-243 312 -701
-243 312 -701
-246 311 -699
-242 315 -702
-242 315 -702
-245 310 -699
-243 311 -700
-243 311 -700
-242 311 -699
-242 311 -699
-245 310 -700
-244 308 -703
-244 308 -703
-246 309 -698
-241 308 -697
-241 308 -697
-244 311 -700
-244 311 -700
-244 311 -700
-244 309 -696
-244 309 -696
-247 310 -702
-244 313 -700
-244 313 -700
-243 310 -697
-246 313 -703
-246 313 -703
-242 312 -700
-242 312 -700
-242 309 -699
-243 312 -698
-243 312 -698
-244 312 -700
-243 309 -701
-243 309 -701
-244 309 -698
-244 309 -698
-243 310 -699
-245 310 -701
-245 310 -701
-242 308 -699
-244 310 -699
-244 310 -699
-246 311 -699
-244 310 -701
-244 310 -701
-247 310 -699
-247 310 -699
-245 310 -699
-244 310 -698
-244 310 -698
-243 310 -699
-243 313 -701
-243 313 -701
-247 308 -700
-247 308 -700
-242 311 -701
-244 312 -699
-244 312 -699
-245 311 -700
-243 309 -700
-243 309 -700
-245 311 -699
-245 311 -699
-244 312 -700
-244 313 -701
-244 313 -701
-242 309 -700
-246 308 -698
-246 308 -698
-244 311 -701
-242 310 -702
-242 310 -702
-246 311 -701
-246 311 -701
-247 310 -700
-243 310 -699
-243 310 -699
-244 310 -700
-244 312 -695
-244 312 -695
-244 309 -699
-244 309 -699
-244 311 -702
-243 310 -700
-243 310 -700
-244 310 -699
-244 312 -699
-244 312 -699
-245 312 -699
-243 311 -701
-243 311 -701
-243 310 -699
-243 310 -699
-244 311 -700
-244 311 -701
-244 311 -701
-242 311 -703
-242 311 -700
-242 311 -700
-245 310 -701
-245 310 -701
-243 310 -699
-243 312 -699
-243 312 -699
-243 310 -701
-242 310 -699
-242 310 -699
-244 311 -699
-244 311 -699
-245 311 -698
-243 310 -699
-243 310 -699
-243 309 -699
-244 312 -701
-244 312 -701
-247 311 -699
-245 308 -702
-245 308 -702
-245 313 -699
-245 313 -699
-242 311 -698
-246 309 -703
-246 309 -703
-246 309 -701
-243 308 -703
-243 308 -703
-243 313 -699
-243 313 -699
-245 311 -701
-245 310 -703
-245 310 -703
-244 311 -698
-242 311 -699
-242 311 -699
-243 310 -701
-243 310 -701
-244 308 -701
-244 310 -702
-244 310 -702
-240 309 -701
-242 310 -700
-242 310 -700
-244 309 -700
-242 306 -701
-242 306 -701
-241 311 -700
-241 311 -700
-245 311 -699
-244 310 -700
-244 310 -700
-243 313 -701
-242 312 -702
-242 312 -702
-246 308 -700
-246 308 -700
-243 310 -701
-244 310 -700
-244 310 -700
-244 312 -699
-244 309 -699
-244 309 -699
-243 314 -700
-244 312 -699
-244 312 -699
-243 312 -698
-243 312 -698
-244 310 -701
-246 312 -701
-246 312 -701
-242 308 -699
-246 311 -698
-246 311 -698
-244 311 -699
-244 311 -699
-245 312 -700
-246 309 -700
-246 309 -700
-242 309 -702
-244 312 -699
-244 312 -699
-243 311 -699
-243 311 -699
-243 308 -697
-244 312 -696
-244 312 -696
-246 313 -700
-248 311 -700
-248 311 -700
-244 310 -700
-245 311 -701
-245 311 -701
-242 309 -699
-242 309 -699
-244 312 -701
-243 310 -698
-243 310 -698
-243 310 -700
-243 311 -699
-243 311 -699
-242 310 -700
-242 310 -700
-242 312 -698
-244 310 -700
-244 310 -700
-242 309 -699
-242 314 -699
-242 314 -699
-241 307 -702
-241 307 -702
-245 311 -699
-242 308 -699
-242 308 -699
-246 311 -699
-244 312 -699
-244 312 -699
-247 310 -696
-243 311 -700
-243 311 -700
-243 312 -699
-243 312 -699
-244 311 -701
-245 312 -699
-245 312 -699
-245 311 -700
-244 311 -700
-244 311 -700
-242 310 -699
-242 310 -699
-243 310 -700
-245 311 -699
-245 311 -699
-244 311 -701
-245 311 -699
-245 311 -699
-243 308 -700
-244 308 -699
-244 308 -699
-246 313 -698
-246 313 -698
-242 312 -701
-244 312 -703
-244 312 -703
-243 310 -698
-244 307 -700
-244 307 -700
-245 310 -699
-245 310 -699
-248 312 -699
-242 310 -702
-242 310 -702
-243 309 -699
-243 310 -700
-243 310 -700
-245 310 -700
-245 310 -700
-243 307 -702
-241 310 -700
-241 310 -700
-246 312 -698
-243 310 -702
-243 310 -702
-244 312 -702
-246 311 -699
-246 311 -699
-245 310 -699
-245 310 -699
-243 309 -699
-244 310 -700
-244 310 -700
-244 308 -700
-245 311 -701
-245 311 -701
-248 310 -701
-248 310 -701
-245 308 -700
-246 309 -700
-246 309 -700
-244 311 -701
-242 309 -698
-242 309 -698
-246 311 -699
-246 311 -699
-245 311 -698
-245 311 -699
-245 311 -699
-243 309 -700
-244 312 -699
-244 312 -699
-241 309 -697
-245 310 -702
-245 310 -702
-244 313 -700
-244 313 -700
-245 312 -702
-245 309 -700
-245 309 -700
-244 309 -700
-243 309 -698
-243 309 -698
-244 311 -700
-244 311 -700
-244 311 -701
-243 311 -699
-243 311 -699
-245 311 -702
-244 310 -700
-244 310 -700
-244 312 -700
-244 307 -701
-243 307 -701
-242 311 -700
-242 311 -700
-243 312 -698
-245 308 -700
-245 308 -700
-245 310 -699
-244 311 -701
-244 311 -701
-243 308 -699
-243 308 -699
-246 310 -702
-244 311 -699
-244 311 -699
-244 312 -701
-242 309 -702
-242 309 -702
-246 312 -702
-246 312 -702
-245 311 -699
-246 312 -701
-246 312 -701
-242 309 -702
-245 310 -700
-245 310 -700
-244 312 -698
-243 310 -699
-243 310 -699
-244 308 -700
-244 308 -700
-245 311 -700
-246 310 -697
-246 310 -697
-244 309 -701
-245 308 -698
-245 308 -698
-245 307 -698
-245 307 -698
-243 313 -700
-242 310 -700
-242 310 -700
-243 311 -697
-247 310 -702
-247 310 -702
-244 310 -701
-244 310 -701
-243 308 -699
-246 310 -699
-246 310 -699
-242 310 -699
-242 311 -700
-242 311 -700
-243 311 -701
-242 311 -702
-242 311 -702
-243 311 -701
-243 311 -701
-244 310 -701
-245 312 -700
-245 312 -700
-243 309 -697
-242 307 -699
-242 307 -699
-243 311 -700
-243 311 -700
-245 309 -700
-244 310 -698
-244 310 -698
-244 312 -705
-243 311 -698
-243 311 -698
-244 311 -699
-244 307 -701
-244 307 -701
-244 310 -701
-244 310 -701
-242 312 -703
-244 309 -700
-244 309 -700
-243 313 -701
-246 309 -700
-246 309 -700
-241 312 -699
-241 312 -699
-242 312 -700
-242 310 -700
-242 310 -700
-242 312 -700
-241 310 -703
-241 310 -703
-244 313 -700
-244 313 -700
-242 311 -700
-244 308 -700
-244 308 -700
-244 310 -700
-245 310 -702
-245 310 -702
-245 312 -698
-244 310 -699
-244 310 -699
-246 312 -696
-246 312 -696
-242 308 -698
-244 310 -699
-244 310 -699
-242 310 -699
-243 312 -702
-243 312 -702
-244 310 -701
-244 310 -701
-246 312 -699
-243 312 -701
-243 312 -701
-245 312 -698
-243 311 -700
-243 311 -700
-241 310 -701
-241 310 -701
-243 311 -700
-243 308 -699
-243 308 -699
-244 310 -700
-244 311 -700
-244 311 -700
-243 310 -700
-248 312 -699
-248 312 -699
-243 311 -699
-243 311 -699
-247 309 -697
-242 311 -702
-242 311 -702
-243 309 -699
-244 310 -701
-244 310 -701
-246 308 -700
-246 308 -700
-243 309 -700
-242 310 -701
-242 310 -701
-245 309 -700
-244 311 -701
-244 311 -701
-243 308 -700
-243 308 -700
-246 310 -701
-242 311 -699
-242 311 -699
-241 310 -702
-244 311 -699
-244 311 -699
-244 312 -697
-242 310 -701
-242 310 -701
-244 311 -701
-244 311 -701
-247 309 -698
-243 312 -699
-243 312 -699
-242 311 -702
-244 310 -698
-244 310 -698
-243 308 -701
-243 308 -701
-244 311 -702
-244 308 -699
-244 308 -699
-247 311 -700
-245 310 -699
-245 310 -699
-244 312 -702
-246 310 -699
-246 310 -699
-244 310 -698
-244 310 -698
-245 310 -699
-244 311 -700
-244 311 -700
-244 312 -698
-244 312 -698
-244 312 -698
-246 310 -702
-246 310 -702
-243 313 -701
-244 311 -699
-244 311 -699
-241 310 -699
-244 311 -700
-244 311 -700
-243 311 -698
-243 311 -698
-244 310 -701
-245 309 -702
-245 309 -702
-244 310 -700
-246 310 -699
-246 310 -699
-246 311 -698
-246 309 -699
-246 309 -699
-245 308 -703
-245 308 -703
-242 311 -699
-246 310 -700
-246 310 -700
-244 310 -699
-245 311 -698
-245 311 -698
-242 311 -702
-242 311 -702
-245 308 -699
-246 311 -700
-246 311 -700
-245 316 -702
-241 311 -699
-241 311 -699
-243 313 -702
-243 313 -702
-244 313 -701
-243 313 -699
-243 313 -699
-244 310 -700
-243 311 -699
-243 311 -699
-240 309 -699
-245 312 -698
-245 312 -698
-244 309 -699
-244 309 -699
-241 308 -699
-247 309 -698
-247 309 -698
-245 310 -700
-248 310 -701
-248 310 -701
-245 309 -699
-245 309 -699
-244 312 -700
-243 309 -700
-243 309 -700
-245 311 -701
-242 310 -698
-242 310 -698
-243 309 -701
-244 312 -701
-244 312 -701
-244 309 -700
-244 309 -700
-246 311 -701
-245 311 -699
-245 311 -699
-244 311 -701
-242 312 -697
-242 312 -697
-243 311 -698
-243 311 -698
-243 309 -699
-243 310 -700
-243 310 -700
-244 311 -700
-244 312 -699
-244 312 -699
-244 310 -701
-244 310 -701
-246 311 -700
-243 310 -699
-243 310 -699
-242 308 -698
-245 309 -701
-245 309 -701
-242 309 -698
-246 311 -699
-246 311 -699
-245 310 -699
-245 310 -699
-243 309 -699
-244 309 -700
-244 309 -700
-243 311 -700
-244 313 -698
-244 313 -698
-242 311 -699
-242 311 -699
-244 312 -699
-243 311 -701
-243 311 -701
-242 315 -700
-245 310 -702
-245 310 -702
-243 310 -700
-243 310 -700
-244 310 -702
-245 311 -700
-245 311 -700
-244 310 -700
-245 309 -699
-245 309 -699
-244 311 -697
-243 310 -698
-243 310 -698
-244 309 -700
-244 309 -700
-248 311 -699
-244 310 -700
-244 310 -700
-244 310 -699
-243 312 -701
-243 312 -701
-244 311 -699
-244 311 -699
-244 310 -699
-243 311 -700
-243 311 -700
-241 310 -698
-243 313 -701
-243 313 -701
-243 312 -698
-243 313 -701
-243 313 -701
-243 313 -700
-243 313 -700
-244 309 -701
-246 311 -699
-246 311 -699
-242 310 -699
-245 312 -699
-245 312 -699
-243 309 -698
-243 309 -698
-243 313 -697
-244 307 -699
-244 307 -699
-244 310 -701
-244 310 -699
-244 310 -699
-247 310 -697
-247 310 -697
-244 312 -699
-242 312 -702
-242 312 -702
-243 312 -699
-247 312 -699
-247 312 -699
-244 311 -700
-242 311 -701
-242 311 -701
-244 309 -702
-244 309 -702
-242 311 -702
-241 310 -703
-241 310 -703
-244 309 -702
-245 313 -704
-245 313 -704
-242 311 -702
-242 311 -702
-244 310 -699
-244 308 -698
-244 308 -698
-243 311 -700
-244 309 -701
-244 309 -701
-245 309 -701
-245 309 -701
-245 311 -701
-245 307 -700
-245 307 -700
-243 309 -700
-243 310 -700
-243 310 -700
-243 309 -700
-244 309 -698
-244 309 -698
-243 312 -697
-243 312 -697
-245 313 -701
-244 312 -698
-244 312 -698
-243 313 -703
-246 310 -700
-246 310 -700
-242 311 -700
-242 311 -700
-243 309 -701
-245 308 -699
-245 308 -699
-243 312 -701
-242 311 -701
-242 311 -701
-242 314 -699
-242 314 -699
-242 314 -699
-243 311 -703
-243 311 -703
-244 308 -699
-243 313 -702
-243 313 -702
-245 311 -698
-245 309 -698
-245 309 -698
-245 312 -699
-245 312 -699
-248 310 -699
-245 307 -699
-245 307 -699
-242 311 -700
-241 311 -700
-241 311 -700
-244 311 -698
-244 311 -698
-246 312 -699
-245 313 -702
-245 313 -702
-245 310 -700
-244 310 -698
-244 310 -698
-242 312 -701
-242 312 -698
-242 312 -698
-242 311 -700
-242 311 -700
-244 312 -700
-244 311 -698
-244 311 -698
-241 311 -699
-243 312 -699
-243 312 -699
-244 308 -702
-244 308 -702
-248 310 -700
-244 311 -699
-244 311 -699
-243 310 -699
-243 310 -701
-243 310 -701
-245 310 -701
-245 310 -701
-244 313 -699
-244 310 -700
-244 310 -700
-244 309 -702
-247 309 -699
-247 309 -699
-243 311 -700
-245 310 -701
-245 310 -701
-244 310 -699
-244 310 -699
-245 313 -698
-242 312 -701
-242 312 -701
-242 312 -699
-242 312 -701
-242 312 -701
-243 310 -701
-243 310 -701
-243 309 -699
-240 309 -699
-240 309 -699
-241 312 -701
-243 310 -701
-243 310 -701
-243 309 -699
-243 309 -699
-243 309 -699
-246 308 -701
-246 308 -701
-244 311 -698
-244 309 -700
-244 309 -700
-243 310 -700
-246 308 -698
-246 308 -698
-247 312 -699
-247 312 -699
-245 309 -697
-243 309 -699
-243 309 -699
-245 310 -699
-247 312 -699
-247 312 -699
-245 313 -699
-245 313 -699
-243 310 -701
-244 313 -700
-244 313 -700
-243 310 -701
-243 312 -699
-243 312 -699
-244 311 -701
-245 310 -698
-245 310 -698
-242 310 -701
-242 310 -701
-244 310 -700
-243 310 -699
-243 310 -699
-245 308 -700
-246 311 -700
-246 311 -700
-244 311 -702
-244 311 -702
-243 310 -699
-244 309 -700
-244 309 -700
-245 310 -699
-244 311 -700
-244 311 -700
-245 311 -700
-245 311 -700
-246 311 -700
-242 310 -699
-242 310 -699
-241 311 -700
-241 309 -701
-241 309 -701
-246 308 -704
-245 311 -701
-245 311 -701
-243 311 -700
-243 311 -700
-241 311 -705
-246 311 -701
-246 311 -701
-241 311 -701
-244 310 -699
-244 310 -699
-242 308 -699
-242 308 -699
-245 313 -699
-243 310 -699
-243 310 -699
-245 313 -699
-246 312 -701
-246 312 -701
-244 312 -698
-244 312 -698
-244 312 -698
-244 310 -700
-244 310 -700
-243 311 -697
-244 310 -702
-244 310 -702
-246 307 -700
-245 314 -699
-245 314 -699
-241 310 -701
-241 310 -701
-244 311 -699
-244 312 -700
-244 312 -700
-245 310 -700
-240 310 -700
-240 310 -700
-242 314 -699
-242 314 -699
-240 311 -697
-244 310 -702
-244 310 -702
-242 310 -700
-244 310 -700
-244 310 -700
-242 310 -699
-242 310 -700
-242 310 -700
-245 310 -703
-245 310 -703
-243 310 -697
-243 309 -697
-243 309 -697
-246 308 -699
-242 311 -697
-242 311 -697
-244 311 -699
-244 311 -699
-244 311 -698
-245 312 -700
-245 312 -700
-243 310 -700
