-242 313 -706
-242 313 -706
-242 313 -710
-243 314 -709
-243 314 -709
-241 315 -705
-241 314 -707
-241 314 -707
-243 312 -705
-243 312 -705
-242 311 -709
-243 316 -706
-243 316 -706
-243 312 -706
-241 316 -706
-241 316 -706
-244 310 -707
-244 310 -707
-241 314 -707
-242 312 -708
-242 312 -708
-242 316 -708
-245 313 -708
-245 313 -708
-243 314 -705
-243 313 -706
-243 313 -706
-243 313 -709
-243 313 -709
-242 313 -704
-244 314 -707
-244 314 -707
-242 314 -708
-241 313 -706
-241 313 -706
-243 312 -709
-243 312 -709
-242 317 -706
-244 314 -708
-244 314 -708
-241 314 -707
-243 313 -706
-243 313 -706
-241 313 -705
-241 313 -705
-241 313 -705
-242 313 -704
-242 313 -704
-246 314 -705
-244 313 -705
-244 313 -705
-244 315 -708
-243 312 -706
-243 312 -706
-245 313 -706
-245 313 -706
-243 311 -706
-244 314 -705
-244 314 -705
-240 314 -706
-244 313 -708
-244 313 -708
-244 313 -706
-244 313 -706
-240 313 -709
-243 314 -706
-243 314 -706
-241 315 -707
-240 317 -709
-240 317 -709
-239 314 -707
-243 316 -708
-243 316 -708
-244 313 -707
-244 313 -707
-242 315 -706
-239 313 -705
-239 313 -705
-245 313 -708
-243 314 -706
-243 314 -706
-244 316 -705
-244 316 -705
-245 312 -708
-243 311 -707
-243 311 -707
-243 312 -707
-242 314 -706
-242 314 -706
-244 314 -706
-244 314 -706
-243 313 -708
-242 314 -707
-242 314 -707
-242 314 -707
-242 314 -707
-242 314 -707
-239 314 -707
-244 314 -706
-244 314 -706
-241 311 -707
-241 311 -707
-242 315 -706
-243 313 -706
-243 313 -706
-244 315 -706
-242 314 -708
-242 314 -708
-240 313 -706
-240 313 -706
-240 313 -706
-244 314 -708
-244 314 -708
-245 314 -708
-244 311 -709
-244 311 -709
-241 314 -707
-242 314 -705
-242 314 -705
-246 315 -707
-246 315 -707
-242 315 -705
-241 314 -708
-241 314 -708
-242 316 -707
-243 313 -706
-243 313 -706
-241 314 -707
-241 314 -707
-242 314 -709
-242 313 -707
-242 313 -707
-242 313 -709
-240 313 -708
-240 313 -708
-243 313 -704
-243 313 -704
-241 315 -708
-242 315 -706
-242 315 -706
-240 314 -707
-244 315 -706
-244 315 -706
-243 315 -704
-243 312 -706
-243 312 -706
-243 316 -706
-243 316 -706
-243 314 -708
-240 313 -707
-240 313 -707
-241 312 -703
-244 313 -709
-244 313 -709
-240 313 -707
-240 313 -707
-244 312 -707
-242 315 -709
-242 315 -709
-240 314 -707
-244 315 -707
-244 315 -707
-241 315 -708
-241 315 -708
-242 314 -709
-243 313 -708
-243 313 -708
-242 312 -705
-242 312 -705
-242 312 -705
-243 314 -708
-244 313 -708
-244 313 -708
-242 313 -710
-242 313 -710
-244 312 -707
-243 312 -708
-243 312 -708
-244 311 -706
-240 312 -707
-240 312 -707
-243 311 -708
-243 311 -708
-243 312 -706
-240 315 -707
-240 315 -707
-241 313 -709
-243 313 -707
-243 313 -707
-243 311 -707
-239 314 -709
-239 314 -709
-243 311 -707
-243 311 -707
-242 314 -706
-245 313 -707
-245 313 -707
-242 312 -707
-244 310 -709
-244 310 -709
-242 313 -708
-242 313 -708
-242 312 -708
-242 313 -708
-242 313 -708
-241 312 -707
-243 311 -710
-243 311 -710
-243 310 -707
-243 310 -707
-245 312 -708
-243 311 -708
-243 311 -708
-242 310 -705
-239 312 -707
-239 312 -707
-242 313 -706
-242 312 -708
-242 312 -708
-241 312 -709
-241 312 -709
-239 310 -706
-242 311 -709
-242 311 -709
-245 311 -707
-241 313 -708
-241 313 -708
-242 315 -708
-242 315 -708
-240 311 -707
-243 312 -706
-243 312 -706
-241 313 -709
-243 312 -707
-243 312 -707
-241 309 -708
-241 309 -708
-241 309 -708
-243 311 -707
-243 311 -707
-242 312 -708
-244 310 -709
-244 310 -709
-242 311 -709
-241 312 -708
-241 312 -708
-244 311 -708
-244 311 -708
-244 313 -708
-243 311 -705
-243 311 -705
-241 311 -710
-245 310 -710
-245 310 -710
-244 314 -706
-244 314 -706
-244 308 -707
-244 311 -708
-244 311 -708
-242 310 -710
-245 314 -707
-245 314 -707
-243 313 -708
-244 314 -709
-244 314 -709
-243 309 -711
-243 309 -711
-246 313 -710
-242 309 -709
-242 309 -709
-243 312 -706
-244 311 -708
-244 311 -708
-244 311 -707
-244 311 -707
-244 313 -709
-245 310 -708
-245 310 -708
-243 310 -708
-245 313 -707
-245 313 -707
-244 313 -707
-244 313 -707
-248 311 -709
-245 313 -712
-245 313 -712
-243 311 -705
-243 312 -705
-243 312 -705
-245 309 -707
-245 312 -710
-245 312 -710
-245 313 -708
-245 313 -708
-246 315 -709
-245 312 -710
-245 312 -710
-245 312 -712
-244 310 -706
-244 310 -706
-244 312 -707
-244 312 -707
-245 311 -706
-245 313 -706
-245 313 -706
-245 310 -709
-243 311 -709
-243 311 -709
-243 312 -706
-243 313 -708
-244 313 -708
-247 312 -708
-247 312 -708
-247 311 -708
-245 313 -705
-245 313 -705
-247 312 -708
-244 310 -706
-244 310 -706
-245 310 -708
-245 310 -708
-244 313 -708
-243 312 -707
-243 312 -707
-246 310 -707
-245 311 -710
-245 311 -710
-244 313 -707
-244 313 -707
-245 312 -707
-246 313 -705
-246 313 -705
-243 310 -708
-241 313 -709
-241 313 -709
-244 313 -708
-245 312 -707
-245 312 -707
-246 312 -708
-246 312 -708
-246 310 -709
-245 312 -707
-245 312 -707
-245 312 -708
-246 310 -706
-246 310 -706
-245 310 -708
-245 310 -708
-246 313 -706
-246 312 -707
-246 312 -707
-244 312 -708
-244 312 -707
-244 312 -707
-243 313 -708
-243 313 -708
-246 314 -707
-245 312 -707
-245 312 -707
-244 311 -708
-246 312 -708
-246 312 -708
-245 313 -707
-243 312 -708
-243 312 -708
-244 311 -705
-244 311 -705
-245 311 -708
-246 314 -707
-246 314 -707
-246 311 -707
-245 312 -704
-245 312 -704
-242 312 -707
-242 312 -707
-244 311 -708
-245 314 -707
-245 314 -707
-242 309 -707
-242 314 -707
-242 314 -707
-245 312 -705
-244 311 -704
-244 311 -704
-244 312 -707
-244 312 -707
-244 313 -707
-246 311 -708
-246 311 -708
-244 312 -707
-244 313 -705
-244 313 -705
-245 313 -710
-245 313 -710
-246 312 -706
-244 310 -707
-244 310 -707
-244 313 -705
-243 311 -706
-243 311 -706
-246 314 -707
-246 314 -707
-244 311 -706
-243 314 -709
-243 314 -709
-243 309 -708
-244 313 -709
-244 313 -709
-243 314 -707
-246 312 -704
-246 312 -704
-245 312 -706
-245 312 -706
-244 311 -709
-245 312 -706
-245 312 -706
-244 312 -708
-245 311 -705
-245 311 -705
-245 313 -706
-245 313 -706
-244 310 -706
-244 311 -708
-244 311 -708
-243 312 -706
-246 314 -708
-246 314 -708
-241 310 -709
-241 310 -709
-241 310 -709
-245 313 -707
-245 313 -707
-245 313 -710
-242 312 -709
-242 312 -709
-244 312 -707
-243 313 -707
-243 313 -707
-246 311 -708
-246 311 -708
-244 310 -708
-244 314 -706
-244 314 -706
-243 312 -708
-244 310 -708
-244 310 -708
-247 309 -707
-247 309 -707
-247 310 -706
-246 310 -706
-246 310 -706
-244 309 -707
-245 311 -708
-245 311 -708
-245 311 -708
-246 313 -710
-246 313 -710
-241 310 -708
-241 310 -708
-246 312 -709
-243 312 -708
-243 312 -708
-242 312 -708
-243 312 -706
-243 312 -706
-245 311 -708
-245 311 -708
-243 314 -708
-246 311 -708
-246 311 -708
-245 312 -707
-244 311 -708
-244 311 -708
-242 309 -709
-242 309 -709
-247 309 -708
-244 312 -707
-244 312 -707
-247 313 -706
-244 312 -706
-244 312 -706
-245 312 -709
-246 314 -707
-246 314 -707
-246 313 -707
-246 313 -707
-243 310 -706
-245 313 -708
-245 313 -708
-246 308 -708
-242 310 -707
-242 310 -707
-245 314 -708
-245 314 -708
-242 312 -707
-246 312 -711
-246 312 -711
-247 316 -709
-245 311 -707
-245 311 -707
-243 310 -705
-243 314 -708
-245 314 -708
-245 311 -705
-245 311 -705
-242 311 -708
-246 310 -707
-246 310 -707
-244 310 -706
-245 311 -707
-245 311 -707
-243 311 -704
-243 311 -704
-246 315 -709
-246 312 -707
-246 312 -707
-243 315 -707
-242 312 -707
-242 312 -707
-244 310 -708
-244 310 -708
-244 313 -707
-242 314 -707
-242 314 -707
-244 311 -709
-244 312 -705
-244 312 -705
-244 313 -707
-246 314 -707
-246 314 -707
-245 313 -711
-245 313 -711
-245 313 -707
-242 313 -708
-242 313 -708
-245 311 -709
-246 312 -708
-246 312 -708
-243 312 -707
-243 312 -707
-244 311 -706
-244 311 -708
-244 311 -708
-245 309 -708
-247 313 -708
-247 313 -708
-244 311 -705
-244 311 -705
-246 312 -706
-244 310 -706
-244 310 -706
-245 309 -708
-244 311 -709
-244 311 -709
-244 310 -708
-246 312 -707
-246 312 -707
-243 312 -706
-243 312 -706
-243 312 -704
-243 311 -707
-243 311 -707
-243 310 -709
-244 312 -708
-244 312 -708
-246 310 -707
-246 310 -707
-242 309 -710
-245 312 -705
-245 312 -705
-244 312 -710
-246 311 -706
-246 311 -706
-246 311 -707
-247 310 -707
-247 310 -707
-244 312 -709
-244 312 -709
-244 312 -707
-246 313 -706
-246 313 -706
-244 314 -708
-247 313 -707
-247 313 -707
-245 309 -708
-245 309 -708
-243 313 -707
-247 313 -707
-247 313 -707
-245 313 -707
-247 312 -709
-247 312 -709
-246 312 -707
-246 312 -707
-244 313 -706
-242 311 -708
-242 311 -708
-245 312 -705
-245 309 -705
-245 309 -705
-242 312 -708
-247 311 -710
-247 311 -710
-245 311 -709
-245 311 -709
-247 313 -706
-245 313 -706
-245 313 -706
-248 312 -709
-247 311 -708
-247 311 -708
-245 311 -708
-245 311 -708
-246 309 -708
-242 311 -707
-242 311 -707
-243 314 -707
-244 314 -710
-244 314 -710
-242 310 -706
-242 310 -706
-244 310 -708
-244 311 -708
-244 311 -708
-247 312 -706
-244 309 -705
-244 309 -705
-245 312 -707
-244 316 -708
-244 316 -708
-243 312 -706
-243 312 -706
-244 311 -709
-244 314 -708
-244 314 -708
-246 313 -707
-243 312 -707
-243 312 -707
-244 311 -706
-244 311 -706
-246 310 -705
-245 312 -708
-245 312 -708
-244 313 -706
-246 312 -705
-246 312 -705
-244 316 -707
-245 312 -707
-245 312 -707
-245 311 -704
-245 311 -704
-245 311 -704
-245 313 -707
-245 313 -707
-245 311 -708
-244 312 -707
-244 312 -707
-245 312 -708
-245 312 -708
-247 313 -708
-245 311 -706
-245 311 -706
-245 312 -710
-242 312 -708
-242 312 -708
-242 311 -707
-242 311 -707
-242 312 -707
-246 311 -706
-246 311 -706
-243 310 -709
-243 313 -706
-243 313 -706
-243 311 -704
-247 311 -707
-247 311 -707
-243 309 -709
-243 309 -709
-246 313 -708
-248 312 -708
-248 312 -708
-244 312 -703
-244 310 -706
-244 310 -706
-243 310 -707
-243 310 -707
-245 308 -710
-245 310 -706
-245 310 -706
-246 316 -707
-247 312 -709
-247 312 -709
-244 311 -708
-244 311 -708
-244 311 -708
-245 312 -710
-245 312 -710
-241 314 -708
-242 313 -707
-242 313 -707
-246 312 -705
-246 314 -708
-246 314 -708
-245 312 -705
-245 312 -705
-245 311 -706
-246 310 -706
-246 310 -706
-243 313 -706
-244 308 -707
-244 308 -707
-244 311 -708
-244 311 -708
-244 312 -707
-246 309 -706
-246 309 -706
-245 313 -709
-246 313 -708
-246 313 -708
-247 314 -705
-246 313 -707
-246 313 -707
-244 310 -706
-244 310 -706
-244 312 -704
-244 311 -706
-244 311 -706
-247 312 -705
-245 312 -708
-245 312 -708
-244 313 -708
-244 313 -708
-244 313 -706
-245 315 -707
-245 315 -707
-241 313 -707
-244 312 -707
-244 312 -707
-245 312 -708
-245 312 -708
-245 311 -707
-246 310 -705
-246 310 -705
-246 311 -705
-248 312 -706
-248 312 -706
-245 314 -710
-245 312 -705
-245 312 -705
-245 315 -708
-245 315 -708
-243 312 -703
-244 311 -707
-244 311 -707
-246 312 -705
-245 313 -707
-245 313 -707
-244 312 -708
-244 312 -708
-243 311 -707
-244 312 -706
-244 312 -706
-247 312 -710
-242 314 -704
-242 314 -704
-244 313 -706
-244 312 -707
-243 312 -707
-243 313 -706
-243 313 -706
-244 312 -704
-242 313 -707
-242 313 -707
-245 312 -704
-245 312 -705
-245 312 -705
-247 314 -707
-247 314 -707
-244 312 -706
-244 311 -705
-244 311 -705
-245 312 -706
-243 312 -706
-243 312 -706
-244 312 -705
-244 312 -705
-244 311 -705
-244 313 -706
-244 313 -706
-244 314 -708
-245 317 -706
-245 317 -706
-243 313 -706
-241 315 -705
-241 315 -705
-243 315 -707
-243 315 -707
-243 315 -705
-241 318 -706
-241 318 -706
-242 318 -706
-241 318 -704
-241 318 -704
-242 319 -705
-242 319 -705
-244 321 -706
-246 321 -703
-246 321 -703
-243 324 -701
-248 322 -700
-248 322 -700
-251 327 -697
-251 327 -697
-253 329 -701
-256 331 -699
-256 331 -699
-258 335 -702
-260 337 -703
-260 337 -703
-259 340 -707
-258 338 -706
-258 338 -706
-255 342 -708
-255 342 -708
-254 343 -706
-252 343 -704
-252 343 -704
-255 343 -702
-257 349 -698
-257 349 -698
-262 346 -698
-262 346 -698
-265 347 -696
-268 341 -700
-268 341 -700
-271 339 -699
-269 335 -701
-269 335 -701
-270 332 -706
-264 331 -709
-264 331 -709
-265 325 -712
-265 325 -712
-260 322 -713
-254 321 -713
-254 321 -713
-256 319 -713
-252 316 -711
-252 316 -711
-250 317 -712
-250 317 -712
-246 316 -711
-245 316 -709
-245 316 -709
-248 314 -709
-245 313 -709
-245 313 -709
-244 315 -710
-244 315 -710
-243 314 -706
-241 316 -707
-241 316 -707
-244 317 -710
-243 312 -708
-243 312 -708
-240 312 -708
-243 311 -710
-243 311 -710
-241 310 -706
-241 310 -706
-245 315 -709
-243 312 -706
-243 312 -706
-246 310 -706
-244 310 -709
-244 310 -709
-245 313 -706
-245 313 -706
-243 311 -705
-244 312 -707
-244 312 -707
-244 312 -705
-245 311 -707
-245 311 -707
-243 311 -708
-243 311 -708
-243 313 -711
-243 315 -708
-243 315 -708
-242 312 -705
-241 312 -706
-241 312 -706
-243 314 -705
-244 313 -707
-244 313 -707
-244 312 -707
-244 312 -707
-241 317 -709
-244 312 -707
-244 312 -707
-245 310 -707
-244 314 -707
-244 314 -707
-242 312 -708
-242 312 -708
-244 309 -709
-242 310 -708
-242 310 -708
-242 309 -707
-242 312 -707
-242 312 -707
-244 311 -704
-245 309 -703
-245 309 -703
-243 313 -708
-243 313 -708
-244 314 -706
-245 314 -708
-245 314 -708
-244 312 -707
-242 313 -706
-242 313 -706
-243 310 -709
-243 310 -709
-241 313 -707
-243 311 -708
-243 311 -708
-242 312 -706
-242 314 -706
-242 314 -706
-239 312 -707
-239 312 -707
-240 315 -707
-238 313 -710
-238 313 -710
-240 312 -709
-242 311 -706
-242 311 -706
-241 312 -706
-241 315 -707
-241 315 -707
-241 315 -704
-241 315 -704
-241 313 -705
-240 315 -705
-240 315 -705
-238 314 -708
-240 313 -702
-240 313 -702
-239 317 -705
-239 317 -705
-239 319 -701
-241 318 -703
-241 318 -703
-237 317 -704
-242 321 -702
-242 321 -702
-241 321 -702
-241 322 -702
-245 322 -702
-246 325 -700
-246 325 -700
-245 328 -697
-246 329 -693
-246 329 -693
-250 332 -691
-254 333 -687
-254 333 -687
-259 336 -686
-259 336 -686
-266 338 -685
-274 338 -687
-274 338 -687
-277 334 -687
-284 335 -693
-284 335 -693
-284 334 -697
-284 334 -697
-279 335 -701
-274 335 -702
-274 335 -702
-272 331 -699
-272 328 -694
-272 328 -694
-275 327 -696
-280 327 -699
-280 327 -699
-280 324 -701
-280 324 -701
-279 326 -708
-281 323 -711
-281 323 -711
-275 322 -716
-270 323 -718
-270 323 -718
-265 322 -718
-265 322 -718
-261 318 -722
-259 319 -718
-259 319 -718
-256 316 -717
-251 316 -716
-251 316 -716
-255 313 -715
-255 313 -715
-252 312 -709
-248 316 -711
-248 316 -711
-247 314 -715
-248 312 -711
-248 312 -711
-246 314 -708
-246 311 -710
-246 311 -710
-247 310 -713
-247 310 -713
-244 310 -708
-245 311 -708
-245 311 -708
-246 311 -708
-244 312 -708
-244 312 -708
-244 311 -712
-244 311 -712
-245 312 -707
-242 312 -708
-242 312 -708
-242 312 -705
-243 314 -708
-243 314 -708
-243 311 -706
-243 313 -707
-243 313 -707
-244 308 -707
-244 308 -707
-244 312 -706
-244 311 -708
-244 311 -708
-244 311 -706
-245 312 -708
-245 312 -708
-243 311 -705
-243 311 -705
-243 312 -705
-244 310 -707
-244 310 -707
-244 310 -711
-246 312 -705
-246 312 -705
-244 311 -708
-244 311 -708
-243 313 -707
-244 309 -705
-244 309 -705
-244 311 -707
-243 312 -706
-243 312 -706
-244 311 -708
-240 311 -709
-240 311 -709
-242 311 -709
-242 311 -709
-242 312 -709
-242 313 -707
-242 313 -707
-242 311 -708
-241 313 -704
-241 313 -704
-241 309 -706
-241 309 -706
-244 311 -705
-245 308 -705
-245 308 -705
-244 310 -707
-242 308 -706
-242 308 -706
-244 311 -704
-244 310 -702
-245 310 -702
-245 311 -707
-245 311 -707
-243 311 -705
-244 311 -704
-244 311 -704
-245 312 -704
-244 311 -704
-244 311 -704
-243 313 -706
-243 313 -706
-243 311 -706
-241 313 -707
-241 313 -707
-242 313 -704
-243 311 -706
-243 311 -706
-241 308 -705
-241 308 -705
-245 312 -707
-246 312 -706
-246 312 -706
-243 311 -707
-243 313 -706
-243 313 -706
-244 312 -702
-245 308 -705
-245 308 -705
-244 311 -704
-244 311 -704
-245 309 -706
-244 310 -705
-244 310 -705
-243 310 -707
-245 311 -704
-245 311 -704
-242 310 -705
-242 310 -705
-246 312 -706
-244 314 -704
-244 314 -704
-245 312 -708
-241 311 -706
-241 311 -706
-245 313 -705
-245 313 -705
-242 311 -706
-243 311 -706
-243 311 -706
-245 310 -706
-244 312 -705
-244 312 -705
-246 309 -706
-243 310 -703
-243 310 -703
-243 314 -705
-243 314 -705
-246 311 -705
-244 313 -705
-244 313 -705
-243 312 -708
-244 311 -706
-244 311 -706
-243 312 -709
-243 312 -709
-245 307 -705
-244 312 -707
-244 312 -707
-243 311 -708
-243 314 -707
-243 314 -707
-247 313 -706
-243 310 -707
-243 310 -707
-240 312 -710
-240 312 -710
-244 313 -706
-243 313 -707
-243 313 -707
-241 313 -705
-244 309 -704
-244 309 -704
-245 310 -704
-245 310 -704
-242 309 -705
-240 311 -704
-240 311 -704
-243 311 -705
-242 313 -707
-242 313 -707
-244 310 -705
-244 310 -705
-245 313 -705
-244 313 -706
-244 313 -706
-241 311 -703
-242 310 -706
-242 310 -706
-242 312 -706
-247 313 -705
-247 313 -705
-244 309 -705
-244 309 -705
-245 312 -709
-242 309 -706
-242 309 -706
-243 312 -705
-242 312 -710
-242 312 -710
-240 311 -707
-240 311 -707
-243 312 -707
-240 311 -705
-240 311 -705
-244 313 -706
-244 312 -703
-244 312 -703
-243 308 -706
-242 310 -706
-242 310 -706
-244 310 -705
-244 310 -705
-243 311 -704
-245 309 -705
-245 309 -705
-247 309 -704
-247 310 -706
-247 310 -706
-243 310 -706
-243 310 -706
-244 312 -704
-241 308 -707
-241 308 -707
-242 311 -706
-244 312 -704
-244 312 -704
-242 309 -707
-242 309 -707
-244 310 -704
-243 311 -706
-243 311 -706
-244 312 -706
-243 313 -708
-243 313 -708
-243 310 -706
-241 311 -704
-241 311 -704
-243 312 -706
-243 312 -706
-244 311 -704
-241 311 -706
-241 311 -706
-244 312 -707
-244 310 -704
-244 310 -704
-244 312 -706
-244 312 -706
-243 315 -708
-242 312 -706
-242 312 -706
-241 310 -706
-242 309 -705
-242 309 -705
-244 312 -706
-244 312 -706
-244 311 -706
-242 313 -704
-242 313 -704
-244 310 -704
-244 308 -706
-244 308 -706
-243 312 -707
-244 310 -704
-244 310 -704
-243 310 -705
-243 310 -705
-242 312 -705
-246 310 -710
-246 310 -710
-245 309 -707
-241 311 -706
-241 311 -706
-246 308 -707
-246 308 -707
-244 311 -707
-242 311 -705
-242 311 -705
-245 313 -706
-245 313 -702
-245 313 -702
-243 310 -704
-243 311 -706
-243 311 -706
-248 313 -704
-248 313 -704
-243 311 -708
-244 312 -705
-244 312 -705
-242 312 -705
-243 310 -706
-243 310 -706
-242 311 -705
-242 311 -705
-245 311 -706
-244 311 -705
-244 311 -705
-242 311 -705
-244 310 -705
-244 310 -705
-243 314 -707
-243 314 -707
-241 311 -704
-244 312 -704
-244 312 -704
-240 311 -704
-240 311 -707
-240 311 -707
-241 308 -705
-243 311 -706
-243 311 -706
-241 313 -703
-241 313 -703
-242 309 -704
-245 310 -706
-245 310 -706
-241 311 -707
-245 309 -705
-245 309 -705
-243 313 -707
-243 313 -707
-243 312 -708
-242 313 -705
-242 313 -705
-243 312 -705
-241 311 -705
-241 311 -705
-241 310 -705
-241 310 -705
-244 312 -706
-242 313 -704
-242 313 -704
-244 311 -707
-244 313 -706
-244 313 -706
-242 310 -704
-243 310 -706
-243 310 -706
-242 311 -705
-242 311 -705
-244 308 -706
-244 310 -705
-244 310 -705
-244 310 -704
-243 312 -707
-243 312 -707
-241 309 -703
-241 309 -703
-240 310 -702
-245 310 -707
-245 310 -707
-244 309 -703
-242 312 -704
-242 312 -704
-245 311 -704
-242 312 -709
-242 312 -709
-244 311 -707
-244 311 -707
-246 311 -707
-243 313 -707
-243 313 -707
-241 312 -703
-244 312 -705
-244 312 -705
-242 311 -707
-242 311 -707
-242 310 -704
-241 313 -704
-241 313 -704
-243 310 -707
-243 312 -707
-243 312 -707
-243 310 -706
-243 310 -706
-243 313 -705
-245 310 -707
-245 310 -707
-240 314 -704
-243 312 -706
-243 312 -706
-242 312 -706
-243 314 -705
-243 314 -705
-243 313 -703
-243 313 -703
-244 310 -704
-245 307 -707
-245 307 -707
-242 312 -707
-241 312 -706
-241 312 -706
-245 313 -706
-245 313 -706
-241 311 -705
-242 313 -705
-242 313 -705
-244 311 -705
-244 310 -707
-244 310 -707
-243 314 -705
-243 312 -708
-240 312 -708
-243 311 -707
-243 311 -707
-244 310 -704
-243 313 -704
-243 313 -704
-242 310 -705
-242 310 -702
-242 310 -702
-243 310 -706
-243 310 -706
-242 312 -703
-243 312 -707
-243 312 -707
-244 312 -704
-243 312 -705
-243 312 -705
-243 314 -706
-243 314 -706
-244 311 -707
-245 311 -707
-245 311 -707
-244 311 -707
-244 312 -704
-244 312 -704
-242 312 -707
-240 314 -705
-240 314 -705
-242 311 -708
-242 311 -708
-245 313 -705
-242 311 -705
-242 311 -705
-246 313 -708
-246 311 -705
-246 311 -705
-241 311 -705
-241 311 -705
-244 311 -706
-245 310 -706
-245 310 -706
-245 310 -705
-242 313 -706
-242 313 -706
-244 312 -705
-244 312 -705
-245 313 -707
-244 313 -703
-244 313 -703
-241 312 -708
-242 312 -705
-242 312 -705
-245 314 -707
-242 313 -706
-242 313 -706
-244 314 -708
-244 314 -708
-244 310 -703
-242 314 -707
-242 314 -707
-243 316 -705
-241 316 -705
-241 316 -705
-244 314 -705
-244 314 -705
-241 316 -704
-239 317 -703
-239 317 -703
-243 318 -704
-243 319 -706
-243 319 -706
-244 318 -705
-244 321 -701
-244 321 -701
-244 319 -703
-244 319 -703
-247 320 -700
-248 322 -702
-248 322 -702
-250 325 -705
-248 326 -703
-248 326 -703
-247 328 -706
-247 328 -706
-248 330 -706
-247 328 -705
-247 328 -705
-246 332 -704
-250 330 -704
-250 330 -704
-247 334 -701
-247 334 -701
-243 334 -704
-249 334 -700
-249 334 -700
-250 334 -699
-254 333 -702
-254 333 -702
-256 330 -702
-257 329 -704
-257 329 -704
-255 327 -707
-255 327 -707
-256 327 -706
-254 329 -709
-254 329 -709
-256 323 -709
-252 320 -711
-252 320 -711
-248 321 -709
-248 321 -709
-250 321 -710
-249 318 -709
-249 318 -709
-248 317 -708
-247 316 -712
-247 316 -712
-246 317 -711
-244 316 -708
-244 316 -708
-244 314 -709
-244 314 -709
-243 314 -708
-246 316 -708
-246 316 -708
-242 312 -708
-243 315 -708
-243 315 -708
-245 313 -706
-245 313 -706
-243 315 -707
-242 315 -707
-242 315 -707
-242 314 -709
-244 315 -706
-244 315 -706
-244 315 -709
-244 315 -709
-243 314 -706
-241 314 -705
-241 314 -705
-242 315 -709
-243 311 -711
-243 311 -711
-242 312 -707
-243 313 -706
-243 313 -706
-242 312 -707
-242 312 -707
-240 315 -709
-241 316 -708
-241 316 -708
-239 314 -707
-242 316 -708
-242 316 -708
-239 316 -708
-239 316 -708
-241 315 -707
-241 312 -710
-241 312 -710
-240 313 -709
-239 312 -709
-239 312 -709
-242 313 -707
-242 313 -707
-242 313 -707
-240 315 -707
-240 315 -707
-237 313 -706
-239 315 -707
-239 315 -707
-238 316 -706
-237 315 -707
-237 315 -707
-237 314 -707
-237 314 -707
-240 314 -707
-235 316 -707
-235 316 -707
-239 319 -704
-241 318 -705
-241 318 -705
-239 317 -706
-239 317 -706
-236 318 -709
-241 319 -706
-241 319 -706
-238 318 -705
-237 320 -705
-237 320 -705
-238 319 -704
-238 321 -704
-238 321 -704
-238 322 -702
-238 322 -702
-241 321 -700
-242 321 -701
-242 321 -701
-239 324 -698
-241 325 -698
-241 325 -698
-243 326 -695
-243 326 -695
-244 327 -696
-246 328 -693
-246 328 -693
-251 328 -691
-253 328 -688
-253 328 -688
-254 332 -689
-254 332 -689
-257 331 -689
-259 331 -693
-259 331 -693
-261 334 -693
-265 328 -694
-265 328 -694
-264 329 -695
-266 328 -699
-266 328 -699
-266 327 -699
-266 327 -699
-269 329 -699
-267 329 -700
-267 329 -700
-270 327 -696
-273 326 -701
-273 326 -701
-270 323 -702
-270 323 -702
-267 321 -707
-264 320 -709
-264 320 -709
-263 318 -711
-258 320 -712
-258 320 -712
-256 318 -713
-256 318 -712
-256 318 -712
-254 317 -714
-254 317 -714
-254 315 -710
-250 314 -709
-250 314 -709
-249 313 -709
-248 316 -711
-248 316 -711
-245 312 -711
-245 312 -711
-246 314 -708
-246 312 -708
-246 312 -708
-244 311 -710
-247 312 -710
-247 312 -710
-244 313 -707
-244 313 -707
-244 311 -709
-244 312 -710
-244 312 -710
-243 315 -707
-244 314 -708
-244 314 -708
-242 310 -710
-241 314 -709
-241 314 -709
-243 312 -706
-243 312 -706
-247 311 -707
-244 310 -706
-244 310 -706
-244 311 -708
-243 311 -704
-243 311 -704
-246 310 -706
-246 310 -706
-244 314 -702
-242 311 -704
-242 311 -704
-242 312 -706
-244 314 -705
-244 314 -705
-242 314 -707
-242 313 -708
-244 313 -708
-243 311 -707
-243 311 -707
-241 310 -707
-241 312 -706
-241 312 -706
-243 313 -707
-244 312 -704
-244 312 -704
-242 312 -703
-242 312 -703
-246 311 -705
-240 314 -708
-240 314 -708
-246 311 -706
-245 310 -703
-245 310 -703
-243 313 -703
-243 313 -703
-244 314 -706
-245 313 -704
-245 313 -704
-242 312 -705
-242 309 -707
-242 309 -707
-243 313 -705
-244 312 -709
-244 312 -709
-246 312 -705
-246 312 -705
-241 313 -704
-243 313 -705
-243 313 -705
-241 311 -707
-244 311 -704
-244 311 -704
-245 313 -706
-245 313 -706
-242 310 -705
-243 314 -705
-243 314 -705
-244 311 -706
-242 310 -704
-242 310 -704
-243 312 -704
-243 312 -704
-244 313 -706
-241 309 -705
-241 309 -705
-245 312 -705
-245 310 -704
-245 310 -704
-243 311 -707
-243 310 -706
-243 310 -706
-244 311 -707
-244 311 -707
-242 313 -705
-243 312 -709
-243 312 -709
-245 313 -706
-244 312 -706
-244 312 -706
-245 309 -704
-245 309 -704
-242 313 -707
-242 311 -706
-242 311 -706
-240 311 -707
-242 313 -706
-242 313 -706
-242 310 -704
-246 312 -704
-246 312 -704
-243 313 -703
-243 313 -703
-243 310 -706
-241 309 -706
-241 309 -706
-244 310 -706
-245 311 -703
-245 311 -703
-240 312 -706
-240 312 -706
-243 312 -705
-242 313 -704
-242 313 -704
-244 310 -704
-241 309 -705
-241 309 -705
-243 311 -704
-243 311 -704
-240 312 -704
-246 310 -706
-246 310 -706
-243 314 -704
-242 312 -703
-242 312 -703
-243 309 -704
-245 315 -703
-245 315 -703
-243 313 -707
-243 313 -707
-242 310 -703
-243 311 -705
-243 311 -705
-246 311 -705
-242 310 -704
-242 310 -704
-245 311 -707
-245 311 -707
-244 312 -704
-242 313 -702
-242 313 -702
-244 310 -706
-244 311 -705
-244 311 -705
-246 311 -706
-246 312 -705
-243 312 -705
-245 313 -708
-245 313 -708
-244 313 -705
-245 313 -704
-245 313 -704
-241 311 -708
-246 313 -704
-246 313 -704
-242 309 -703
-242 309 -703
-242 312 -703
-242 313 -706
-242 313 -706
-245 310 -706
-243 313 -705
-243 313 -705
-245 314 -704
-245 314 -704
-240 311 -704
-244 309 -705
-244 309 -705
-243 310 -704
-244 312 -704
-244 312 -704
-241 311 -705
-242 311 -702
-242 311 -702
-246 311 -706
-246 311 -706
-243 309 -703
-243 312 -705
-243 312 -705
-247 311 -706
-246 312 -703
-246 312 -703
-244 309 -706
-244 309 -706
-244 312 -707
-244 312 -703
-244 312 -703
-241 311 -707
-242 311 -707
-242 311 -707
-247 312 -704
-247 312 -704
-243 311 -703
-244 309 -707
-244 309 -707
-240 313 -704
-245 311 -707
-245 311 -707
-242 311 -704
-245 311 -707
-245 311 -707
-242 314 -703
-242 314 -703
-243 311 -704
-242 311 -705
-242 311 -705
-245 312 -704
-243 310 -708
-243 310 -708
-246 311 -705
-246 311 -705
-246 309 -705
-243 311 -705
-243 311 -705
-242 310 -704
-245 308 -706
-245 308 -706
-242 311 -704
-241 312 -706
-241 312 -706
-243 311 -710
-243 311 -710
-244 312 -704
-244 312 -705
-244 312 -705
-243 311 -705
-245 313 -706
-245 313 -706
-240 315 -706
-240 315 -706
-244 311 -703
-244 311 -703
-244 311 -703
-243 311 -706
-243 312 -707
-243 312 -707
-244 311 -705
-244 311 -705
-244 313 -703
-243 309 -703
-243 309 -703
-246 311 -704
-244 311 -705
-244 311 -705
-245 311 -706
-245 312 -707
-245 312 -707
-242 310 -703
-242 310 -703
-243 312 -707
-245 313 -705
-245 313 -705
-244 312 -706
-241 311 -708
-241 311 -708
-244 312 -707
-244 312 -707
-241 313 -707
-243 309 -706
-243 309 -706
-240 313 -705
-243 313 -703
-243 313 -703
-243 310 -705
-241 311 -705
-241 311 -705
-243 310 -705
-243 310 -705
-245 311 -704
-243 311 -706
-243 311 -706
-244 311 -705
-244 311 -705
-244 311 -705
-245 312 -706
-245 312 -706
-244 312 -701
-244 316 -708
-244 316 -708
-244 312 -706
-244 312 -705
-244 312 -705
-245 315 -707
-245 315 -707
-244 312 -705
-245 311 -704
-245 311 -704
-241 308 -705
-242 313 -706
-242 313 -706
-245 313 -706
-245 311 -705
-245 311 -705
-245 313 -705
-245 313 -705
-242 313 -705
-246 312 -708
-246 312 -708
-245 311 -705
-243 313 -705
-243 313 -705
-246 308 -704
-246 308 -704
-244 311 -705
-244 311 -704
-244 311 -704
-243 312 -702
-244 312 -705
-244 312 -705
-243 311 -707
-243 311 -707
-243 312 -707
-245 314 -706
-245 314 -706
-244 311 -708
-245 311 -705
-245 311 -705
-244 311 -708
-245 313 -703
-245 313 -703
-243 311 -704
-243 311 -704
-242 313 -707
-244 311 -707
-244 311 -707
-245 309 -706
-244 311 -709
-244 311 -709
-241 310 -703
-241 310 -703
-242 312 -704
-240 312 -705
-240 312 -705
-243 312 -705
-243 311 -707
-243 311 -707
-245 311 -707
-244 310 -705
-244 310 -705
-243 311 -705
-243 311 -705
-243 310 -704
-244 309 -705
-244 309 -705
-243 311 -705
-244 311 -705
-244 311 -705
-243 313 -706
-243 313 -706
-240 313 -705
-242 311 -707
-242 311 -707
-243 312 -706
-245 313 -704
-245 313 -704
-243 311 -710
-243 311 -710
-245 312 -705
-241 316 -708
-241 316 -708
-242 310 -704
-239 309 -703
-239 309 -703
-245 312 -705
-245 310 -705
-245 310 -705
-243 309 -705
-243 309 -705
-246 310 -708
-249 310 -702
-249 310 -702
-242 311 -703
-241 310 -707
-241 310 -707
-245 311 -703
-245 311 -703
-247 314 -706
-246 312 -706
-246 312 -706
-245 312 -704
-246 312 -706
-246 312 -706
-246 310 -707
-241 311 -702
-241 311 -702
-244 311 -705
-244 311 -705
-243 311 -705
-244 312 -707
-244 312 -707
-242 312 -707
-244 313 -705
-244 313 -705
-243 310 -706
-243 310 -706
-245 309 -705
-242 314 -705
-242 314 -705
-244 311 -705
-244 310 -703
-244 310 -703
-246 313 -704
-246 313 -704
-243 311 -706
-243 311 -704
-243 311 -704
-244 310 -705
-244 312 -702
-244 312 -702
-242 311 -704
-244 311 -703
-244 311 -703
-243 312 -707
-243 312 -707
-244 310 -707
-244 310 -704
-244 310 -704
-245 312 -703
-246 312 -706
-246 312 -706
-243 312 -706
-243 312 -706
-244 312 -709
-242 312 -704
-242 312 -704
-244 314 -706
-245 309 -706
-245 309 -706
-245 312 -705
-245 312 -705
-245 312 -705
-243 312 -705
-243 312 -705
-244 309 -705
-243 312 -704
-243 312 -704
-246 312 -707
-246 312 -707
-246 312 -707
-245 310 -704
-245 310 -704
-243 312 -707
-243 312 -707
-243 312 -707
-246 311 -701
-245 310 -706
-245 310 -706
-243 313 -703
-243 313 -703
-242 310 -706
-243 312 -706
-243 312 -706
-242 312 -704
-244 311 -706
-244 311 -706
-243 313 -705
-243 313 -706
-243 313 -706
-243 313 -707
-243 313 -707
-242 311 -704
-244 313 -706
-244 313 -706
-241 313 -703
-243 313 -707
-243 313 -707
-246 310 -705
-246 310 -705
-247 314 -706
-243 309 -703
-243 309 -703
-241 311 -706
-245 309 -705
-245 309 -705
-244 308 -708
-244 308 -708
-245 311 -704
-241 310 -707
-241 310 -707
-244 311 -705
-243 310 -707
-243 310 -707
-244 312 -705
-245 311 -704
-245 311 -704
-242 313 -704
-242 313 -704
-244 310 -703
-243 312 -708
-243 312 -708
-241 313 -705
-244 313 -706
-244 313 -706
-242 312 -704
-242 312 -704
-243 312 -707
-242 312 -705
-242 312 -705
-243 310 -706
-245 313 -707
-245 313 -707
-244 312 -704
-243 309 -704
-243 309 -704
-245 311 -706
-245 311 -706
-246 311 -705
-243 311 -704
-243 311 -704
-244 309 -707
-245 310 -706
-245 310 -706
-242 311 -708
-242 311 -708
-244 309 -706
-243 310 -705
-243 310 -705
-244 309 -707
-241 312 -706
-241 312 -706
-243 314 -706
-243 314 -706
-241 311 -705
-244 312 -706
-244 312 -706
-244 310 -706
-242 314 -703
-242 314 -703
-242 311 -707
-246 311 -707
-246 311 -707
-243 311 -707
-243 311 -707
-243 311 -707
-241 313 -703
-241 313 -703
-244 309 -702
-242 313 -706
-242 313 -706
-244 311 -704
-244 311 -704
-242 311 -706
-244 310 -703
-244 310 -703
-243 310 -705
-244 310 -707
-244 310 -707
-243 311 -706
-245 310 -702
-245 310 -702
-245 311 -708
-245 311 -708
-244 311 -705
-242 307 -705
-242 307 -705
-242 312 -704
-243 311 -706
-243 311 -706
-244 310 -708
-244 310 -708
-245 308 -706
-239 311 -704
-239 311 -704
-243 312 -705
-243 312 -705
-243 312 -705
-245 311 -707
-245 311 -707
-244 310 -708
-243 310 -704
-243 310 -704
-241 309 -707
-242 313 -704
-242 313 -704
-246 313 -707
-242 310 -703
-242 310 -703
-243 312 -707
-243 312 -707
-244 312 -706
-243 310 -703
-243 310 -703
-244 309 -704
-243 311 -702
-243 311 -702
-244 309 -711
-244 309 -711
-242 312 -705
-243 312 -703
-243 312 -703
-244 310 -706
-241 310 -703
-241 310 -703
-245 313 -707
-245 313 -707
-245 313 -707
-242 310 -706
-242 310 -706
-241 309 -707
-240 310 -706
-240 310 -706
-242 310 -705
-245 313 -706
-245 313 -706
-245 312 -703
-245 312 -703
-246 314 -705
-245 312 -706
-245 312 -706
-246 311 -705
-243 313 -706
-243 313 -706
-242 314 -706
-242 314 -706
-241 310 -704
-243 311 -705
-243 311 -705
-242 312 -706
-243 313 -708
-243 313 -708
-242 311 -708
-243 312 -706
-243 312 -706
-242 310 -705
-242 310 -705
-245 309 -709
-245 312 -704
-245 312 -704
-242 312 -707
-246 311 -704
-246 311 -704
-241 312 -707
-241 312 -707
-244 313 -708
-242 311 -706
-242 311 -706
-246 310 -707
-243 311 -703
-243 311 -703
-244 311 -704
-244 311 -704
-246 309 -703
-242 308 -705
-242 308 -705
-240 310 -706
-246 312 -704
-246 312 -704
-243 311 -703
-241 311 -705
-241 311 -705
-245 312 -707
-245 312 -707
-241 314 -704
-242 313 -704
-242 313 -704
-242 313 -703
-242 312 -702
-242 312 -702
-245 311 -706
-245 311 -706
-243 312 -705
-243 312 -704
-243 312 -704
-245 310 -705
-245 310 -704
-245 310 -704
-244 314 -706
-242 312 -704
-242 312 -704
-245 314 -705
-245 314 -705
-244 309 -706
-244 312 -704
-244 312 -704
-245 311 -704
-245 314 -707
-245 314 -707
-242 310 -706
-242 310 -706
-243 311 -707
-242 310 -705
-242 310 -705
-243 312 -705
-245 310 -704
-245 310 -704
-242 313 -706
-242 313 -706
-245 312 -706
-241 315 -703
-241 315 -703
-244 315 -706
-243 311 -704
-243 311 -704
-241 312 -706
-245 311 -705
-245 311 -705
-242 310 -706
-242 310 -706
-244 312 -707
-242 310 -705
-242 310 -705
-245 309 -705
-245 311 -708
-245 311 -708
-243 311 -705
-243 311 -705
-244 310 -704
-242 311 -705
-242 311 -705
-244 313 -706
-244 311 -706
-244 311 -706
-243 312 -707
-243 312 -707
-243 312 -707
-243 311 -707
-243 311 -707
-242 311 -710
-242 310 -706
-242 310 -706
-242 312 -706
-243 312 -705
-243 312 -705
-246 314 -706
-246 314 -706
-244 311 -708
-243 312 -705
-243 312 -705
-243 310 -705
-245 312 -708
-245 312 -708
-241 309 -705
-241 309 -705
-245 312 -708
-245 311 -704
-245 311 -704
-244 310 -706
-247 310 -704
-247 310 -704
-246 310 -708
-244 308 -703
-244 308 -703
-240 310 -704
-240 310 -704
-239 311 -705
-242 309 -705
-242 309 -705
-244 311 -706
-243 310 -705
-243 310 -705
-243 313 -707
-243 313 -707
-243 310 -707
-242 311 -706
-242 311 -706
-242 311 -705
-243 309 -704
-243 309 -704
-243 313 -706
-243 313 -706
-241 311 -706
-244 308 -703
-244 308 -703
-244 311 -705
-243 311 -705
-243 311 -705
-242 311 -705
-243 311 -706
-243 311 -706
-244 311 -706
-244 311 -706
-245 312 -705
-241 308 -706
-241 308 -706
-245 310 -704
-245 310 -705
-245 310 -705
-242 311 -704
-242 311 -704
-243 311 -703
-243 312 -709
-243 312 -709
-244 313 -704
-242 311 -707
-242 311 -707
-243 313 -705
-242 310 -706
-242 310 -706
-241 312 -707
-241 312 -707
-243 311 -705
-242 312 -706
-242 312 -706
-242 314 -704
-244 312 -705
-244 312 -705
-244 313 -704
-244 313 -704
-239 313 -704
-244 312 -706
-244 312 -706
-244 314 -704
-243 312 -705
-243 312 -705
-242 313 -707
-242 313 -707
-244 315 -703
-242 317 -706
-242 317 -706
-243 316 -704
-242 319 -705
-242 319 -705
-244 320 -704
-245 324 -702
-245 324 -702
-244 324 -702
-244 324 -702
-249 328 -703
-249 328 -702
-249 328 -702
-252 331 -704
-251 332 -708
-251 332 -708
-252 334 -706
-252 334 -706
-248 337 -707
-248 338 -704
-248 338 -704
-250 337 -699
-247 339 -699
-247 339 -699
-255 339 -699
-255 340 -698
-261 340 -698
-257 334 -701
-257 334 -701
-261 332 -704
-262 329 -708
-262 329 -708
-260 327 -710
-259 326 -711
-259 326 -711
-256 324 -712
-256 324 -712
-254 319 -711
-253 319 -712
-253 319 -712
-250 318 -710
-244 314 -711
-244 314 -711
-245 316 -711
-245 316 -711
-245 317 -708
-244 313 -711
-244 313 -711
-247 314 -709
-244 314 -706
-244 314 -706
-244 314 -709
-246 312 -707
-246 312 -707
-244 311 -707
-244 311 -707
-245 312 -706
-246 312 -707
-246 312 -707
-241 313 -706
-244 312 -705
-244 312 -705
-243 309 -706
-243 309 -706
-245 313 -705
-242 309 -707
-242 309 -707
-243 312 -707
-243 312 -706
-243 312 -706
-244 311 -706
-244 311 -706
-239 312 -706
-244 309 -706
-244 309 -706
-241 312 -703
-241 310 -706
-241 310 -706
-242 312 -705
-242 312 -703
-242 312 -703
-245 308 -706
-245 308 -706
-244 308 -707
-243 312 -705
-243 312 -705
-244 311 -701
-244 311 -705
-244 311 -705
-242 310 -705
-242 310 -705
-244 311 -705
-243 310 -705
-243 310 -705
-242 310 -707
-243 312 -705
-243 312 -705
-243 310 -706
-241 309 -706
-241 309 -706
-243 310 -704
-243 310 -704
-240 310 -706
-241 311 -707
-241 311 -707
-242 311 -707
-241 312 -704
-241 312 -704
-241 310 -707
-241 310 -707
-242 315 -706
-242 316 -706
-242 316 -706
-240 311 -708
-241 313 -708
-241 313 -708
-241 311 -706
-241 311 -706
-239 311 -707
-243 311 -705
-243 311 -705
-242 312 -708
-243 312 -705
-243 312 -705
-244 311 -706
-244 312 -706
-244 312 -706
-241 311 -705
-241 311 -705
-241 316 -707
-242 312 -703
-242 312 -703
-237 313 -704
-239 317 -706
-239 317 -706
-239 317 -705
-239 317 -705
-239 320 -704
-239 318 -702
-239 318 -702
-238 323 -700
-239 324 -702
-239 324 -702
-243 324 -696
-243 327 -694
-244 327 -694
-248 327 -694
-248 327 -694
-252 330 -692
-254 327 -693
-254 327 -693
-258 325 -696
-259 327 -693
-259 327 -693
-259 324 -694
-259 324 -694
-260 324 -695
-263 323 -696
-263 323 -696
-264 319 -697
-262 319 -703
-262 319 -703
-265 318 -707
-265 318 -707
-261 320 -708
-257 317 -712
-257 317 -712
-255 316 -709
-252 315 -707
-252 315 -707
-250 315 -711
-250 312 -708
-250 312 -708
-246 313 -709
-246 313 -709
-244 312 -707
-246 313 -708
-246 313 -708
-246 311 -708
-245 311 -706
-245 311 -706
-248 314 -707
-248 314 -707
-244 314 -706
-242 312 -704
-242 312 -704
-243 311 -708
-245 314 -704
-245 314 -704
-245 311 -705
-245 311 -705
-244 310 -704
-244 310 -704
-244 310 -704
-246 313 -704
-242 310 -705
-242 310 -705
-243 311 -706
-243 313 -705
-243 313 -705
-244 313 -705
-244 313 -705
-244 310 -705
-243 311 -705
-243 311 -705
-244 312 -704
-242 311 -705
-242 311 -705
-243 313 -704
-243 313 -704
-242 311 -706
-241 310 -704
-241 310 -704
-243 312 -705
-241 311 -703
-241 311 -703
-243 313 -705
-244 313 -703
-244 313 -703
-242 313 -706
-242 313 -706
-246 310 -704
-243 314 -703
-243 314 -703
-248 310 -703
-243 312 -700
-243 312 -700
-243 310 -704
-243 310 -704
-243 311 -702
-243 309 -704
-243 309 -704
-244 315 -702
-242 311 -703
-242 311 -703
-244 312 -703
-244 312 -703
-242 313 -703
-243 311 -704
-243 311 -704
-244 310 -703
-245 313 -704
-245 313 -704
-244 312 -702
-241 311 -704
-241 311 -704
-244 311 -703
-244 311 -703
-243 308 -705
-244 309 -706
-244 309 -706
-241 309 -704
-242 312 -701
-242 312 -701
-244 309 -704
-244 309 -704
-244 309 -703
-247 310 -701
-247 310 -701
-244 310 -703
-247 312 -704
-247 312 -704
-244 310 -704
-245 309 -706
-245 309 -706
-244 311 -703
-244 311 -703
-246 315 -702
-246 308 -704
-246 308 -704
-242 310 -704
-244 312 -704
-244 312 -704
-244 312 -705
-244 312 -705
-245 311 -704
-245 312 -706
-245 312 -706
-243 314 -705
-246 311 -702
-246 311 -702
-246 308 -706
-246 308 -706
-244 311 -705
-244 309 -704
-244 309 -704
-243 310 -704
-245 309 -704
-245 309 -704
-248 307 -705
-242 310 -706
-242 310 -706
-245 311 -705
-245 311 -705
-242 309 -703
-244 313 -705
-244 313 -705
-246 309 -706
-244 309 -707
-244 309 -707
-242 309 -705
-242 309 -705
-244 311 -704
-245 310 -703
-245 310 -703
-243 310 -705
-243 312 -706
-243 312 -706
-242 313 -707
-242 313 -707
-242 313 -707
-243 310 -705
-243 310 -705
-245 311 -704
-246 312 -704
-246 312 -704
-242 311 -706
-244 309 -705
-244 309 -705
-244 309 -708
-244 309 -708
-243 309 -704
-247 309 -704
-247 309 -704
-246 309 -704
-244 310 -706
-244 310 -706
-239 308 -705
-239 308 -705
-245 307 -702
-245 312 -708
-245 312 -708
-247 309 -705
-244 309 -704
-244 309 -704
-244 311 -706
-242 309 -706
-242 309 -706
-246 309 -704
-246 309 -704
-243 310 -706
-245 308 -703
-245 308 -703
-246 311 -707
-241 310 -705
-241 310 -705
-246 311 -702
-246 311 -702
-243 311 -706
-241 308 -704
-241 308 -704
-241 309 -705
-243 309 -704
-243 309 -704
-245 308 -704
-245 308 -704
-247 313 -704
-243 310 -703
-243 310 -703
-243 309 -704
-244 307 -705
-244 307 -705
-245 310 -707
-244 311 -706
-244 311 -706
-243 309 -704
-243 309 -704
-243 311 -702
-242 308 -702
-242 308 -702
-242 311 -705
-243 311 -704
-243 311 -704
-243 311 -704
-243 311 -704
-241 312 -703
-246 312 -708
-246 312 -708
-243 309 -703
-244 310 -705
-244 310 -705
-242 307 -704
-245 311 -705
-245 311 -705
-244 308 -702
-244 308 -702
-242 309 -704
-244 310 -706
-244 310 -706
-244 309 -703
-244 309 -707
-244 309 -707
-242 311 -704
-242 311 -704
-245 310 -706
-243 311 -703
-243 311 -703
-245 309 -706
-245 312 -703
-245 312 -703
-245 308 -706
-245 308 -706
-243 312 -705
-242 307 -703
-242 307 -703
-246 309 -706
-244 310 -703
-244 310 -703
-242 311 -706
-244 311 -704
-244 311 -704
-244 310 -703
-244 310 -703
-244 312 -705
-243 313 -702
-243 313 -702
-243 310 -706
-243 311 -704
-243 311 -704
-244 309 -703
-244 309 -703
-244 311 -703
-246 311 -703
-246 311 -703
-245 309 -705
-248 312 -704
-248 312 -704
-246 310 -703
-246 308 -707
-245 308 -707
-244 308 -705
-244 308 -705
-244 310 -703
-243 310 -704
-243 310 -704
-246 311 -704
-242 310 -704
-242 310 -704
-243 309 -703
-243 309 -703
-243 312 -702
-242 310 -705
-242 310 -705
-245 308 -706
-244 310 -704
-244 310 -704
-240 310 -705
-240 310 -705
-243 310 -703
-244 310 -706
-244 310 -706
-245 308 -704
-240 312 -706
-240 312 -706
-245 312 -706
-242 307 -706
-242 307 -706
-242 307 -704
-242 307 -704
-244 309 -703
-246 311 -706
-246 311 -706
-244 310 -705
-246 311 -703
-246 311 -703
-247 308 -704
-247 308 -704
-246 308 -706
-242 309 -705
-242 309 -705
-243 308 -704
-245 312 -705
-245 312 -705
-243 309 -706
-243 309 -706
-245 309 -703
-246 309 -705
-246 309 -705
-244 311 -705
-243 309 -705
-243 309 -705
-243 312 -705
-245 309 -704
-245 309 -704
-243 308 -707
-243 308 -707
-245 310 -704
-244 309 -705
-244 309 -705
-243 308 -702
-245 310 -705
-245 310 -705
-244 309 -704
-244 309 -704
-243 311 -703
-241 310 -702
-241 310 -702
-244 310 -706
-246 307 -703
-246 307 -703
-245 312 -704
-242 311 -708
-242 311 -708
-244 309 -705
-244 309 -705
-243 309 -705
-244 309 -705
-244 309 -705
-244 311 -706
-242 311 -705
-242 311 -705
-247 308 -702
-247 308 -702
-243 310 -705
-243 307 -703
-243 307 -703
-244 310 -706
-243 309 -704
-243 309 -704
-243 311 -703
-243 311 -703
-243 309 -704
-243 308 -705
-243 308 -705
-246 310 -706
-244 309 -705
-244 309 -705
-244 309 -704
-244 312 -706
-244 312 -706
-246 311 -702
-246 311 -702
-245 309 -706
-247 311 -703
-247 311 -703
-247 308 -707
-246 310 -704
-246 310 -704
-244 313 -703
-244 313 -703
-242 314 -702
-242 310 -707
-242 310 -707
-244 312 -704
-243 313 -703
-243 313 -703
-245 311 -706
-243 309 -705
-243 309 -705
-242 313 -703
-242 313 -703
-243 313 -705
-243 311 -704
-243 311 -704
-242 310 -702
-241 310 -703
-241 310 -703
-242 311 -703
-242 311 -703
-244 308 -702
-243 314 -701
-243 314 -701
-243 311 -703
-243 311 -704
-243 311 -704
-246 309 -704
-246 309 -704
-244 311 -702
-241 312 -702
-241 312 -702
-237 311 -702
-241 311 -700
-241 311 -700
-240 310 -704
-239 313 -702
-239 313 -702
-241 311 -702
-241 311 -702
-240 311 -699
-240 313 -702
-240 313 -702
-239 314 -699
-237 318 -697
-237 318 -697
-236 315 -699
-236 315 -699
-234 314 -695
-230 317 -695
-230 317 -695
-231 320 -692
-228 316 -695
-228 316 -695
-225 319 -694
-225 319 -694
-225 319 -694
-219 321 -700
-219 321 -700
-212 327 -704
-208 328 -708
-208 328 -708
-211 328 -718
-209 327 -723
-209 327 -723
-216 327 -727
-216 327 -727
-219 329 -736
-223 330 -739
-223 330 -739
-229 331 -747
-237 331 -752
-237 331 -752
-245 329 -753
-245 329 -753
-255 328 -757
-271 325 -759
-271 325 -759
-282 325 -759
-293 325 -757
-293 325 -757
-304 321 -749
-313 320 -741
-313 320 -741
-325 318 -727
-325 318 -727
-323 318 -720
-324 316 -709
-324 316 -709
-319 315 -699
-317 314 -691
-317 314 -691
-310 315 -688
-310 315 -688
-305 313 -682
-293 314 -683
-293 314 -683
-288 312 -680
-281 309 -681
-281 309 -681
-274 314 -679
-274 314 -679
-271 313 -681
-265 313 -681
-265 313 -681
-261 312 -686
-259 312 -683
-259 312 -683
-257 314 -688
-253 312 -684
-253 312 -684
-255 313 -690
-255 313 -690
-250 312 -690
-251 311 -691
-251 311 -691
-250 311 -696
-249 309 -692
-249 309 -692
-250 310 -691
-250 310 -691
-248 308 -697
-248 309 -696
-248 309 -696
-249 310 -694
-244 309 -697
-244 309 -697
-246 312 -699
-246 312 -699
-246 312 -699
-246 311 -697
-246 311 -697
-246 312 -696
-243 311 -700
-243 311 -700
-245 309 -702
-244 310 -697
-244 310 -697
-244 311 -702
-244 311 -702
-245 312 -702
-246 311 -700
-246 311 -700
-244 313 -701
-245 309 -700
-245 309 -700
-244 311 -702
-244 311 -702
-246 311 -701
-245 308 -702
-245 308 -702
-247 310 -704
-243 309 -703
-243 309 -703
-241 310 -702
-244 308 -703
-244 308 -703
-245 312 -702
-245 312 -702
-245 311 -703
-242 308 -701
-242 308 -701
-243 310 -703
-243 309 -705
-243 309 -705
-244 308 -703
-244 308 -703
-244 310 -702
-242 312 -702
-242 312 -702
-244 310 -703
-243 311 -703
-243 311 -703
-243 310 -704
-243 310 -704
-245 308 -700
-245 310 -702
-245 310 -702
-243 311 -704
-240 307 -705
-240 307 -705
-240 313 -702
-243 310 -702
-243 310 -702
-245 312 -703
-245 312 -703
-243 310 -702
-246 310 -705
-246 310 -705
-243 310 -704
-243 309 -700
-243 309 -700
-242 311 -703
-242 311 -703
-242 311 -703
-243 309 -705
-243 309 -705
-245 311 -702
-244 311 -705
-244 311 -705
-245 311 -704
-245 311 -704
-242 313 -705
-243 308 -706
-243 308 -706
-245 311 -705
-241 311 -704
-241 311 -704
-239 312 -705
-244 311 -703
-244 311 -703
-241 312 -704
-241 312 -704
-243 314 -703
-243 307 -704
-243 307 -704
-243 311 -704
-245 310 -703
-245 310 -703
-242 310 -706
-242 310 -706
-241 312 -703
-243 312 -702
-243 312 -702
-244 310 -702
-244 309 -704
-244 309 -704
-242 311 -704
-242 311 -704
-242 311 -704
-246 313 -705
-246 313 -705
-242 310 -704
-241 311 -705
-241 311 -705
-242 314 -704
-238 309 -706
-238 309 -706
-239 311 -706
-239 311 -706
-241 312 -706
-236 312 -706
-236 312 -706
-238 316 -707
-235 318 -709
-235 318 -709
-238 314 -709
-238 314 -709
-236 317 -715
-239 316 -714
-239 316 -714
-238 318 -719
-244 320 -722
-244 320 -722
-249 317 -725
-251 321 -725
-251 321 -725
-260 319 -731
-260 319 -731
-264 323 -726
-269 323 -727
-269 323 -727
-273 325 -725
-278 326 -722
-278 326 -722
-279 325 -718
-279 325 -718
-281 328 -715
-283 328 -715
-283 328 -715
-283 330 -707
-281 327 -707
-281 327 -707
-284 331 -706
-284 331 -706
-281 328 -707
-281 329 -701
-281 329 -701
-277 328 -700
-272 324 -695
-272 324 -695
-268 325 -695
-261 319 -697
-261 319 -697
-261 320 -696
-261 320 -696
-255 318 -693
-255 320 -694
-255 320 -694
-254 316 -697
-255 313 -696
-255 313 -696
-247 315 -697
-247 315 -697
-249 314 -698
-247 315 -699
-247 315 -699
-248 312 -697
-245 314 -702
-245 314 -702
-246 314 -700
-246 314 -700
-245 313 -701
-244 313 -698
-244 313 -698
-248 312 -702
-246 311 -701
-246 311 -701
-243 313 -704
-244 310 -705
-244 310 -705
-243 313 -702
-243 313 -702
-242 310 -702
-243 310 -704
-243 310 -704
-244 312 -703
-243 310 -700
-243 310 -700
-244 313 -700
-244 313 -700
-245 309 -703
-243 311 -703
-243 311 -703
-244 311 -705
-243 309 -700
-243 309 -700
-244 312 -702
-244 312 -702
-244 312 -704
-243 306 -701
-243 306 -701
-242 310 -705
-244 312 -703
-244 312 -703
-245 312 -706
-244 310 -705
-244 310 -705
-244 308 -704
-244 308 -704
-244 311 -706
-246 309 -704
-246 309 -704
-245 311 -702
-243 308 -703
-243 308 -703
-242 314 -704
-242 314 -704
-244 311 -705
-244 308 -706
-244 308 -706
-243 311 -702
-242 311 -701
-242 311 -701
-244 311 -704
-244 309 -703
-241 309 -703
-243 310 -703
-243 310 -703
-241 310 -700
-246 311 -706
-246 311 -706
-243 307 -704
-243 311 -706
-243 311 -706
-243 307 -704
-243 307 -704
-245 311 -705
-243 309 -705
-243 309 -705
-246 309 -703
-245 309 -704
-245 309 -704
-244 311 -704
-244 311 -704
-242 310 -706
-242 310 -705
-242 310 -705
-242 308 -703
-240 310 -705
-240 310 -705
-242 310 -707
-242 308 -707
-242 308 -707
-246 312 -703
-246 312 -703
-242 310 -706
-241 310 -705
-241 310 -705
-242 310 -706
-241 312 -706
-241 312 -706
-242 309 -705
-242 309 -705
-241 309 -705
-245 311 -706
-245 311 -706
-244 308 -704
-242 307 -706
-242 307 -706
-246 309 -705
-246 309 -705
-243 307 -705
-243 309 -705
-243 309 -705
-245 311 -705
-244 309 -704
-244 309 -704
-245 311 -704
-243 310 -705
-243 310 -705
-241 312 -703
-241 312 -703
-246 312 -704
-242 311 -706
-242 311 -706
-241 309 -705
-242 309 -706
-242 309 -706
-243 312 -706
-243 312 -706
-243 309 -708
-241 310 -705
-241 310 -705
-245 309 -704
-242 310 -704
-242 310 -704
-246 314 -705
-246 310 -705
-243 310 -705
-241 309 -703
-241 309 -703
-245 310 -702
-241 310 -702
-241 310 -702
-247 308 -704
-245 310 -705
-245 310 -705
-243 311 -704
-243 311 -704
-241 311 -703
-242 310 -702
-242 310 -702
-241 309 -706
-242 310 -706
-242 310 -706
-243 312 -706
-243 312 -706
-244 312 -703
-243 309 -703
-243 309 -703
-242 311 -705
-243 310 -703
-243 310 -703
-244 313 -703
-243 311 -703
-243 311 -703
-245 309 -705
-245 309 -705
-243 311 -703
-243 308 -702
-243 308 -702
-242 312 -701
-243 309 -703
-243 309 -703
-243 311 -704
-243 311 -704
-242 311 -701
-244 309 -701
-244 309 -701
-243 309 -705
-245 313 -705
-245 313 -705
-241 309 -704
-241 309 -704
-242 307 -702
-240 309 -701
-240 309 -701
-241 310 -704
-242 311 -704
-242 311 -704
-244 312 -701
-240 311 -702
-240 311 -702
-239 310 -702
-239 310 -702
-244 314 -703
-241 312 -700
-241 312 -700
-241 310 -701
-242 311 -703
-242 311 -703
-240 310 -700
-240 310 -700
-239 310 -701
-237 310 -698
-237 310 -698
-239 311 -700
-238 311 -701
-238 311 -701
-239 313 -698
-237 310 -699
-237 310 -699
-236 314 -696
-236 314 -696
-235 317 -697
-231 315 -699
-231 315 -699
-224 316 -696
-225 319 -698
-225 319 -698
-221 320 -700
-221 320 -700
-216 322 -700
-213 325 -704
-213 325 -704
-211 325 -708
-208 328 -715
-208 328 -715
-208 328 -722
-208 328 -722
-216 333 -732
-217 333 -738
-217 333 -738
-225 332 -745
-231 332 -753
-231 332 -753
-243 333 -758
-252 334 -760
-252 334 -760
-267 331 -767
-267 331 -767
-283 328 -767
-301 326 -763
-301 326 -763
-322 325 -760
-340 321 -744
-340 321 -744
-348 318 -732
-348 318 -732
-347 315 -717
-349 315 -701
-349 315 -701
-343 314 -691
-333 311 -678
-333 311 -678
-321 311 -670
-321 311 -670
-321 311 -670
-297 311 -666
-297 311 -666
-287 314 -667
-282 312 -668
-282 312 -668
-275 310 -669
-267 311 -669
-267 311 -669
-263 308 -673
-263 308 -673
-261 309 -675
-256 311 -680
-256 311 -680
-253 311 -680
-251 312 -683
-251 312 -683
-250 309 -684
-250 309 -684
-249 308 -685
-248 308 -691
-248 308 -691
-248 311 -693
-247 314 -694
-247 314 -694
-248 310 -692
-245 313 -693
-245 313 -693
-243 311 -695
-243 311 -695
-246 312 -697
-246 311 -695
-246 311 -695
-244 310 -697
-244 310 -700
-244 310 -700
-242 310 -697
-242 310 -697
-241 309 -700
-244 306 -700
-244 306 -700
-240 313 -701
-243 311 -699
-243 311 -699
-241 311 -700
-241 311 -700
-243 308 -701
-245 309 -702
-245 309 -702
-243 310 -702
-245 311 -703
-245 311 -703
-246 310 -702
-244 312 -703
-244 312 -703
-243 311 -703
-243 311 -703
-245 309 -705
-244 307 -704
-244 307 -704
-243 308 -705
-243 310 -704
-243 310 -704
-242 312 -702
-242 312 -702
-244 307 -702
-241 312 -706
-241 312 -706
-243 310 -702
-242 309 -705
-242 309 -705
-242 310 -702
-243 311 -702
-243 311 -702
-243 312 -704
-243 312 -704
-239 309 -703
-241 310 -703
-241 310 -703
-246 311 -701
-245 310 -702
-245 310 -702
-246 310 -705
-246 310 -705
-245 310 -703
-245 311 -702
-245 311 -702
-245 309 -706
-245 311 -705
-245 311 -705
-242 310 -704
-242 310 -704
-245 311 -705
-244 309 -702
-244 309 -702
-242 309 -702
-244 310 -701
-244 310 -701
-244 309 -705
-243 311 -706
-243 311 -706
-245 309 -704
-245 309 -704
-244 310 -703
-240 312 -704
-240 312 -704
-243 308 -704
-245 309 -705
-245 309 -705
-244 310 -703
-244 310 -703
-242 312 -707
-241 309 -705
-241 309 -705
-245 309 -708
-246 312 -704
-246 312 -704
-242 311 -706
-242 311 -706
-242 311 -706
-244 309 -703
-244 309 -703
-245 309 -703
-243 309 -702
-243 309 -702
-243 310 -706
-244 311 -707
-244 311 -707
-247 310 -702
-247 310 -702
-245 308 -704
-245 311 -704
-245 311 -704
-244 312 -707
-246 310 -706
-246 310 -706
-244 309 -702
-244 309 -702
-243 308 -704
-243 309 -706
-243 309 -706
-242 309 -704
-244 311 -706
-244 311 -706
-243 311 -704
-245 309 -704
-245 309 -704
-242 308 -704
-242 308 -704
-242 309 -703
-246 310 -705
-246 310 -705
-243 309 -705
-244 309 -700
-244 309 -700
-243 310 -706
-243 310 -706
-245 310 -703
-245 310 -705
-245 310 -705
-243 309 -705
-246 310 -703
-246 310 -703
-243 312 -707
-243 312 -707
-243 314 -705
-244 309 -704
-244 309 -704
-243 309 -706
-241 311 -705
-241 311 -705
-244 309 -706
-246 310 -702
-246 310 -702
-244 309 -705
-244 309 -705
-246 312 -704
-244 310 -706
-244 310 -706
-244 310 -707
-242 309 -706
-242 309 -706
-243 312 -703
-243 312 -703
-246 310 -706
-244 310 -704
-244 310 -704
-244 308 -706
-243 309 -703
-243 309 -703
-243 313 -703
-246 309 -705
-246 309 -705
-242 313 -705
-242 313 -705
-244 313 -706
-244 309 -705
-244 309 -705
-244 310 -703
-247 308 -703
-247 308 -703
-243 308 -706
-243 308 -706
-241 308 -704
-243 310 -705
-243 310 -705
-243 312 -702
-244 309 -704
-244 309 -704
-244 310 -703
-244 310 -703
-244 310 -705
-245 309 -705
-245 309 -705
-245 309 -706
-244 310 -702
-244 310 -702
-243 311 -704
-243 308 -703
-243 308 -703
-243 308 -704
-243 308 -704
-244 311 -703
-245 308 -704
-245 308 -704
-245 311 -705
-245 311 -705
-245 311 -705
-243 308 -703
-243 308 -703
-244 310 -706
-244 309 -705
-244 309 -705
-243 309 -704
-244 311 -707
-244 311 -707
-242 312 -705
-242 312 -705
-241 310 -706
-240 312 -706
-240 312 -706
-244 310 -704
-245 310 -708
-245 310 -708
-242 310 -705
-242 310 -704
-242 310 -704
-245 309 -705
-245 309 -705
-242 307 -705
-245 309 -706
-245 309 -706
-243 312 -704
-245 313 -702
-245 313 -702
-244 310 -702
-244 310 -702
-245 308 -703
-245 308 -705
-245 308 -705
-246 310 -704
-245 311 -702
-245 311 -702
-244 309 -704
-245 309 -705
-245 309 -705
-241 311 -705
-241 311 -705
-244 311 -706
-242 310 -706
-242 310 -706
-241 308 -706
-245 311 -706
-245 311 -706
-244 315 -705
-244 315 -705
-243 311 -705
-246 310 -705
-246 310 -705
-244 310 -705
-244 310 -706
-244 310 -706
-243 310 -705
-243 310 -705
-243 310 -703
-242 310 -703
-242 310 -703
-247 311 -703
-242 311 -704
-242 311 -704
-245 308 -705
-247 312 -703
-247 312 -703
-245 311 -704
-245 311 -704
-243 311 -706
-243 309 -703
-243 309 -703
-245 310 -702
-243 309 -705
-243 309 -705
-243 308 -706
-243 308 -706
-245 311 -706
-243 311 -703
-243 311 -703
-243 309 -702
-242 310 -706
-242 310 -706
-246 312 -702
-246 309 -701
-244 309 -701
-244 309 -704
-244 309 -704
-242 310 -703
-243 311 -704
-243 311 -704
-246 312 -705
-245 308 -703
-245 308 -703
-245 307 -703
-245 307 -703
-243 310 -704
-242 311 -703
-242 311 -703
-244 312 -703
-246 309 -705
-246 309 -705
-242 310 -704
-242 310 -704
-244 311 -705
-244 308 -705
-244 308 -705
-242 310 -704
-242 311 -704
-242 311 -704
-246 310 -705
-242 310 -702
-242 310 -702
-247 309 -704
-247 309 -704
-242 310 -707
-242 311 -704
-242 311 -704
-244 307 -704
-242 310 -705
-242 310 -705
-245 310 -703
-245 310 -703
-243 310 -704
-245 311 -702
-245 311 -702
-244 311 -704
-242 311 -707
-242 311 -707
-247 309 -704
-247 309 -704
-241 310 -700
-244 310 -705
-244 310 -705
-243 309 -705
-241 311 -703
-241 311 -703
-243 313 -704
-245 309 -703
-245 309 -703
-243 311 -703
-243 311 -703
-242 309 -703
-244 310 -705
-244 310 -705
-241 309 -705
-243 312 -702
-243 312 -702
-242 311 -704
-242 311 -704
-245 310 -702
-242 311 -705
-242 311 -705
-242 309 -703
-244 309 -703
-244 309 -703
-243 312 -705
-246 309 -704
-246 309 -704
-244 312 -706
-244 312 -706
-240 309 -704
-241 310 -704
-241 310 -704
-242 311 -705
-242 312 -703
-242 312 -703
-242 311 -705
-242 311 -705
-241 312 -706
-240 313 -702
-240 313 -702
-241 313 -706
-242 315 -708
-242 315 -708
-239 312 -707
-239 312 -707
-239 313 -708
-238 318 -709
-238 318 -709
-239 315 -711
-240 318 -711
-240 318 -711
-242 317 -717
-241 320 -717
-241 320 -717
-246 318 -721
-246 318 -721
-249 319 -723
-255 320 -724
-255 320 -724
-262 322 -723
-265 325 -723
-265 325 -723
-267 324 -722
-267 324 -722
-270 324 -718
-275 324 -716
-275 324 -716
-276 325 -712
-275 329 -711
-275 329 -711
-273 327 -706
-273 327 -706
-273 327 -706
-274 326 -703
-274 326 -703
-273 324 -704
-270 323 -699
-270 323 -699
-266 324 -698
-265 319 -697
-265 319 -697
-259 321 -695
-259 321 -695
-257 317 -694
-252 317 -698
-252 317 -698
-253 317 -696
-249 315 -696
-249 315 -696
-246 315 -699
-246 315 -699
-250 312 -697
-246 312 -697
-246 312 -697
-251 311 -697
-244 313 -701
-244 313 -701
-242 312 -700
-247 313 -701
-247 313 -701
-247 313 -700
-247 313 -700
-245 311 -702
-246 312 -702
-246 312 -702
-244 312 -702
-245 310 -702
-245 310 -702
-245 314 -702
-245 314 -702
-246 311 -703
-245 312 -703
-245 312 -703
-243 309 -703
-244 312 -706
-244 312 -706
-243 309 -704
-243 309 -704
-242 312 -707
-241 310 -702
-241 310 -702
-245 309 -703
-244 308 -702
-244 308 -702
-243 312 -702
-241 310 -703
-241 310 -703
-243 309 -700
-243 309 -700
-242 307 -703
-244 309 -700
-244 309 -700
-245 309 -703
-247 311 -703
-247 311 -703
-244 311 -701
-244 311 -701
-243 309 -702
-243 310 -699
-243 310 -699
-242 312 -700
-243 311 -704
-243 311 -704
-242 309 -701
-242 309 -701
-242 309 -701
-242 312 -702
-242 312 -702
-246 314 -704
-239 310 -703
-239 310 -703
-245 311 -703
-243 311 -703
-243 311 -703
-241 311 -704
-241 311 -704
-242 308 -703
-243 310 -704
-243 310 -704
-239 311 -702
-240 314 -700
-240 314 -700
-244 311 -701
-244 311 -701
-241 312 -703
-242 307 -701
-242 307 -701
-240 311 -700
-240 311 -702
-240 311 -702
-237 314 -699
-235 312 -700
-235 312 -700
-235 313 -701
-235 313 -701
-234 312 -701
-232 315 -702
-232 315 -702
-230 314 -706
-230 312 -702
-230 312 -702
-225 314 -705
-225 314 -705
-229 315 -705
-229 316 -707
-229 316 -707
-226 320 -712
-225 317 -715
-225 317 -715
-227 318 -716
-227 318 -716
-229 316 -721
-232 319 -724
-232 319 -724
-234 317 -729
-237 319 -731
-237 319 -731
-245 320 -731
-252 318 -729
-252 318 -729
-260 318 -732
-260 318 -732
-266 319 -731
-267 319 -728
-267 319 -728
-275 316 -726
-278 318 -720
-278 318 -720
-277 314 -712
-277 314 -712
-278 316 -709
-275 314 -704
-275 314 -704
-274 316 -702
-270 317 -700
-270 317 -700
-267 315 -699
-265 314 -698
-265 314 -698
-261 312 -697
-261 312 -697
-255 311 -695
-255 311 -696
-255 311 -696
-255 312 -695
-252 314 -697
-252 314 -697
-252 313 -696
-252 313 -696
-251 312 -697
-248 313 -700
-248 313 -700
-250 312 -698
-250 312 -700
-250 312 -700
-249 309 -700
-249 309 -700
-247 312 -700
-248 312 -699
-248 312 -699
-246 311 -702
-246 311 -701
-246 311 -701
-245 312 -700
-244 312 -703
-244 312 -703
-245 314 -705
-245 314 -705
-244 311 -700
-243 310 -703
-243 310 -703
-244 310 -701
-246 311 -702
-246 311 -702
-245 312 -702
-245 312 -702
-243 311 -702
-243 308 -702
-243 308 -702
-247 313 -704
-246 309 -703
-246 309 -703
-243 310 -702
-243 308 -702
-242 308 -702
-245 308 -702
-245 308 -702
-245 309 -704
-243 307 -703
-243 307 -703
-246 309 -702
-244 310 -704
-244 310 -704
-247 311 -706
-247 311 -706
-245 309 -701
-241 313 -705
-241 313 -705
-245 313 -703
-244 313 -706
-244 313 -706
-244 311 -705
-244 311 -705
-245 309 -703
-247 309 -703
-247 309 -703
-244 309 -702
-243 307 -705
-243 307 -705
-247 312 -705
-245 313 -704
-245 313 -704
-243 311 -703
-243 311 -703
-244 311 -704
-243 308 -705
-243 308 -705
-244 313 -704
-244 309 -704
-244 309 -704
-246 309 -703
-246 309 -703
-247 310 -701
-246 310 -704
-246 310 -704
-244 309 -704
-245 311 -704
-245 311 -704
-246 310 -703
-246 310 -703
-244 308 -702
-243 309 -705
-243 309 -705
-245 310 -706
-243 310 -703
-243 310 -703
-242 311 -703
-243 311 -705
-243 311 -705
-247 310 -703
-247 310 -703
-244 308 -702
-243 311 -704
-243 311 -704
-243 309 -706
-244 312 -705
-244 312 -705
-243 311 -702
-243 311 -702
-245 310 -705
-246 311 -703
-246 311 -703
-247 312 -704
-242 308 -704
-242 308 -704
-245 313 -704
-242 311 -705
-242 311 -705
-243 312 -704
-243 312 -704
-245 311 -702
-246 311 -704
-246 311 -704
-246 312 -706
-244 309 -704
-244 309 -704
-243 310 -705
-243 310 -705
-244 311 -707
-245 311 -707
-245 311 -707
-241 310 -704
-244 309 -703
-244 309 -703
-243 308 -703
-243 308 -703
-243 310 -706
-246 308 -704
-246 308 -704
-245 308 -701
-243 311 -703
-243 311 -703
-243 310 -706
-246 311 -702
-246 311 -702
-247 310 -701
-247 310 -701
-245 308 -703
-243 310 -702
-243 310 -702
-243 310 -703
-243 312 -705
-243 312 -705
-245 308 -707
-245 308 -707
-244 310 -704
-248 312 -704
-248 312 -704
-246 309 -706
-246 311 -704
-246 311 -704
-242 309 -703
-242 311 -703
-243 311 -703
-244 310 -706
-244 310 -706
-244 309 -706
-241 311 -704
-241 311 -704
-245 310 -703
-244 311 -702
-244 311 -702
-242 310 -704
-242 310 -704
-241 309 -704
-242 310 -704
-242 310 -704
-242 310 -702
-244 309 -701
-244 309 -701
-247 312 -705
-247 312 -705
-243 309 -702
-245 308 -701
-245 308 -701
-243 311 -705
-244 311 -705
-244 311 -705
-246 312 -702
-243 312 -703
-243 312 -703
-245 310 -701
-245 310 -701
-245 311 -705
-244 310 -704
-244 310 -704
-244 309 -701
-245 310 -705
-245 310 -705
-243 312 -707
-243 312 -707
-243 309 -703
-243 312 -703
-243 312 -703
-246 309 -704
-244 309 -705
-244 309 -705
-245 311 -701
-245 311 -701
-244 310 -704
-247 309 -704
-247 309 -704
-244 311 -703
-244 308 -702
-244 308 -702
-247 310 -704
-246 311 -706
-246 311 -706
-245 309 -703
-245 309 -703
-242 310 -704
-244 310 -704
-244 310 -704
-244 308 -703
-245 310 -704
-245 310 -704
-245 311 -706
-245 311 -706
-243 310 -702
-242 311 -705
-242 311 -705
-243 313 -704
-242 312 -706
-242 312 -706
-245 311 -700
-244 312 -702
-244 312 -702
-245 311 -705
-245 311 -705
-240 310 -703
-245 310 -703
-245 310 -703
-242 311 -706
-244 309 -703
-244 309 -703
-242 310 -703
-242 310 -703
-247 310 -707
-245 310 -704
-245 310 -704
-243 310 -702
-243 311 -706
-243 311 -706
-242 311 -702
-242 311 -702
-245 311 -702
-240 309 -703
-240 309 -703
-245 310 -705
-242 308 -708
-242 308 -708
-245 311 -704
-245 310 -706
-245 310 -706
-240 311 -706
-240 311 -706
-244 311 -702
-240 312 -704
-240 312 -704
-243 311 -704
-243 309 -706
-243 309 -706
-242 312 -703
-242 312 -703
-243 311 -704
-243 308 -703
-243 308 -703
-247 310 -706
-245 310 -705
-245 310 -705
-244 309 -703
-244 309 -703
-244 309 -703
-242 311 -704
-242 311 -704
-240 309 -703
-245 312 -705
-245 312 -705
-243 310 -703
-244 314 -705
-244 314 -705
-243 313 -705
-243 313 -705
-242 314 -702
-239 313 -706
-239 313 -706
-242 314 -705
-244 316 -706
-244 316 -706
-241 316 -702
-241 316 -702
-244 317 -699
-243 321 -702
-243 321 -702
-244 321 -701
-241 324 -701
-241 324 -701
-247 325 -700
-247 325 -703
-247 325 -703
-246 331 -699
-246 331 -699
-249 327 -699
-250 332 -701
-250 332 -701
-249 331 -701
-249 333 -697
-249 333 -697
-256 332 -695
-256 332 -695
-257 335 -697
-257 335 -696
-257 335 -696
-260 333 -696
-262 332 -698
-262 332 -698
-265 327 -700
-265 327 -700
-262 326 -705
-258 326 -705
-258 326 -705
-256 323 -707
-253 320 -710
-253 320 -710
-250 321 -711
-250 320 -709
-250 320 -709
-249 316 -709
-249 316 -709
-249 316 -709
-247 317 -710
-247 317 -710
-245 315 -708
-246 314 -707
-246 314 -707
-246 313 -708
-246 313 -708
-245 312 -704
-248 313 -705
-248 313 -705
-246 310 -706
-242 312 -703
-242 312 -703
-244 314 -702
-246 313 -705
-246 313 -705
-242 312 -708
-242 312 -708
-244 310 -707
-242 311 -707
-242 311 -707
-244 311 -705
-241 311 -706
-241 311 -706
-243 310 -704
-243 310 -704
-243 311 -704
-242 310 -707
-242 310 -707
-243 309 -705
-241 312 -705
-241 312 -705
-243 312 -705
-243 312 -705
-246 314 -705
-243 310 -706
-243 310 -706
-241 313 -705
-239 312 -707
-239 312 -707
-241 311 -706
-241 313 -706
-241 313 -706
-241 314 -704
-241 314 -704
-241 312 -703
-241 313 -702
-241 313 -702
-240 313 -705
-240 314 -705
-240 314 -705
-239 318 -705
-239 318 -705
-238 319 -705
-240 317 -703
-240 317 -703
-241 321 -700
-242 321 -699
-242 321 -699
-243 324 -697
-243 324 -697
-243 324 -697
-246 327 -693
-246 327 -693
-252 330 -689
-260 329 -685
-260 329 -685
-267 331 -688
-269 334 -688
-269 334 -688
-271 331 -694
-271 331 -694
-266 327 -699
-268 328 -699
-268 328 -699
-268 324 -699
-269 326 -699
-269 326 -699
-272 324 -700
-272 324 -700
-273 324 -702
-276 325 -706
-276 325 -706
-270 318 -714
-266 320 -715
-266 320 -715
-261 319 -712
-255 316 -712
-255 316 -712
-254 314 -714
-254 314 -714
-252 312 -712
-252 311 -712
-252 311 -712
-251 315 -713
-250 313 -710
-250 313 -710
-247 313 -710
-247 313 -710
-247 314 -708
-245 313 -707
-245 313 -707
-245 310 -705
-246 313 -708
-246 313 -708
-246 312 -707
-246 312 -707
-246 311 -708
-244 311 -706
-244 311 -706
-246 311 -706
-247 313 -706
-247 313 -706
-247 313 -704
-245 310 -705
-245 310 -705
-245 310 -706
-245 310 -706
-243 310 -704
-246 309 -705
-246 309 -705
-244 311 -707
-248 313 -706
-248 313 -706
-245 311 -705
-245 311 -705
-241 310 -703
-245 310 -704
-245 310 -704
-244 311 -708
-245 311 -705
-245 311 -705
-245 312 -704
-245 310 -704
-245 310 -704
-244 310 -707
-244 310 -707
-243 308 -705
-242 307 -703
-242 307 -703
-244 309 -705
-246 312 -707
-246 312 -707
-245 311 -703
-245 311 -703
-245 313 -704
-244 306 -704
-244 306 -704
-245 310 -704
-244 309 -705
-244 309 -705
-246 310 -706
-246 310 -706
-243 311 -703
-244 309 -704
-244 309 -704
-243 310 -705
-244 309 -701
-244 309 -701
-246 310 -704
-244 311 -705
-244 311 -705
-246 309 -701
-246 309 -701
-242 310 -707
-242 312 -705
-242 312 -705
-244 311 -703
-243 309 -703
-243 309 -703
-243 312 -706
-243 312 -706
-244 308 -705
-246 309 -704
-246 309 -704
-243 311 -704
-246 312 -704
-246 312 -704
-242 309 -705
-242 309 -705
-243 310 -705
-245 310 -706
-245 310 -706
-245 310 -705
-244 310 -703
-244 310 -703
-246 311 -703
-244 311 -702
-244 311 -702
-246 309 -702
-246 309 -702
-245 312 -703
-244 311 -703
-244 311 -703
-244 309 -703
-246 310 -704
-246 310 -704
-243 311 -704
-243 311 -704
-242 310 -706
-243 309 -703
-243 309 -703
-244 313 -706
-243 310 -705
-243 310 -705
-243 309 -705
-243 310 -704
-244 310 -704
-243 310 -704
-243 310 -704
-243 308 -704
-242 315 -701
-242 315 -701
-242 309 -704
-246 310 -704
-246 310 -704
-242 310 -703
-242 310 -703
-242 309 -703
-243 308 -704
-243 308 -704
-244 308 -703
-244 311 -704
-244 311 -704
-247 312 -702
-247 312 -702
-243 310 -705
-243 311 -705
-243 311 -705
-246 309 -704
-245 311 -704
-245 311 -704
-242 312 -705
-245 311 -707
-245 311 -707
-245 312 -706
-245 312 -706
-246 311 -702
-245 308 -703
-245 308 -703
-244 311 -706
-243 311 -705
-243 311 -705
-243 310 -704
-243 310 -704
-244 309 -702
-242 310 -703
-242 310 -703
-248 311 -703
-244 309 -702
-244 309 -702
-246 309 -704
-246 309 -704
-244 309 -704
-245 310 -702
-245 310 -702
-245 311 -704
-244 309 -704
-244 309 -704
-245 310 -704
-244 309 -706
-244 309 -706
-243 309 -706
-243 309 -706
-244 313 -704
-243 310 -702
-243 310 -702
-244 310 -703
-246 307 -707
-246 307 -707
-243 309 -705
-243 309 -705
-242 309 -703
-244 311 -703
-244 311 -703
-245 310 -705
-241 309 -705
-241 309 -705
-245 310 -704
-245 305 -705
-245 305 -705
-249 309 -706
-249 309 -706
-242 309 -705
-245 309 -702
-245 309 -702
-244 312 -702
-247 308 -703
-247 308 -703
-245 307 -706
-245 307 -706
-243 309 -705
-244 311 -705
-244 311 -705
-245 314 -703
-244 312 -703
-244 312 -703
-244 309 -704
-244 309 -704
-243 311 -702
-245 308 -705
-245 308 -705
-244 310 -704
-244 310 -705
-244 310 -705
-243 311 -704
-242 309 -702
-242 309 -702
-243 310 -706
-243 310 -706
-244 311 -700
-245 310 -704
-245 310 -704
-244 309 -702
-245 310 -703
-245 310 -703
-245 312 -704
-245 312 -704
-245 309 -704
-245 311 -704
-245 311 -704
-244 309 -703
-244 309 -702
-244 309 -702
-242 310 -704
-242 310 -701
-244 310 -701
-246 310 -705
-246 310 -705
-244 310 -706
-242 310 -703
-242 310 -703
-242 310 -704
-243 310 -706
-243 310 -706
-245 311 -704
-245 311 -704
-245 311 -703
-244 308 -707
-244 308 -707
-243 309 -702
-244 313 -702
-244 313 -702
-244 309 -704
-244 309 -704
-243 309 -706
-243 313 -704
-243 313 -704
-245 310 -703
-243 308 -702
-243 308 -702
-246 309 -703
-247 310 -704
-247 310 -704
-242 308 -702
-242 308 -702
-245 308 -705
-244 309 -703
-244 309 -703
-247 309 -704
-245 309 -705
-245 309 -705
-245 309 -704
-245 309 -704
-246 310 -703
-245 310 -704
-245 310 -704
-244 308 -703
-242 310 -707
-242 310 -707
-240 311 -705
-240 311 -705
-244 310 -706
-243 309 -705
-243 309 -705
-246 311 -703
-242 310 -703
-242 310 -703
-243 309 -704
-243 307 -703
-243 307 -703
-244 310 -706
-244 310 -706
-242 312 -704
-243 309 -703
-243 309 -703
-245 307 -703
-245 309 -705
-245 309 -705
-247 311 -704
-247 311 -704
-245 310 -705
-244 311 -701
-244 311 -701
-246 311 -705
-244 312 -702
-244 312 -702
-245 306 -703
-242 308 -703
-242 308 -703
-244 309 -701
-244 309 -701
-244 312 -703
-244 309 -705
-244 309 -705
-244 311 -703
-244 311 -705
-244 311 -705
-243 308 -702
-243 308 -702
-243 308 -702
-243 308 -705
-243 308 -705
-243 310 -705
-243 312 -705
-243 312 -705
-245 313 -701
-245 313 -701
-245 309 -705
-246 308 -706
-246 308 -706
-244 310 -704
-246 310 -704
-246 310 -704
-245 311 -703
-245 312 -702
-245 312 -702
-243 312 -703
-243 312 -703
-246 309 -703
-245 309 -704
-245 309 -704
-245 311 -705
-246 309 -707
-246 309 -707
-245 309 -709
-245 309 -709
-244 312 -704
-243 314 -706
-243 314 -706
-242 311 -704
-242 309 -703
-242 309 -703
-242 311 -702
-244 307 -706
-244 307 -706
-243 312 -704
-243 312 -704
-242 310 -704
-242 310 -705
-242 310 -705
-245 310 -701
-244 309 -701
-244 309 -701
-242 309 -705
-242 309 -705
-244 311 -704
-244 310 -703
-244 310 -703
-245 311 -708
-241 310 -702
-241 310 -702
-240 310 -705
-240 310 -705
-247 311 -704
-241 308 -705
-241 308 -705
-244 311 -704
-244 310 -703
-244 310 -703
-245 312 -705
-240 309 -703
-240 309 -703
-244 308 -704
-244 308 -704
-245 311 -704
-243 313 -704
-243 313 -704
-243 310 -704
-242 310 -704
-242 310 -704
-244 310 -705
-244 310 -705
-246 310 -704
-246 311 -702
-246 311 -702
-243 309 -704
-243 311 -704
-243 311 -704
-246 309 -704
-246 309 -704
-246 309 -704
-244 310 -702
-244 310 -702
-243 310 -704
-242 309 -704
-242 309 -704
-244 311 -704
-243 310 -704
-243 310 -704
-244 309 -701
-244 309 -701
-245 310 -703
-246 312 -705
-246 312 -705
-244 312 -704
-242 312 -704
-242 312 -704
-243 311 -705
-243 311 -705
-246 311 -703
-244 308 -704
-244 308 -704
-244 310 -704
-244 311 -705
-244 311 -705
-242 308 -706
-244 311 -704
-244 311 -704
-244 308 -704
-244 308 -704
-244 309 -705
-242 308 -703
-242 308 -703
-243 310 -702
-248 310 -702
-248 310 -702
-244 308 -701
-244 308 -701
-245 310 -703
-243 308 -707
-243 308 -707
-244 308 -705
-245 312 -705
-245 312 -705
-244 312 -708
-244 312 -708
-245 308 -704
-245 309 -702
-245 309 -702
-245 313 -705
-242 314 -704
-242 314 -704
-244 309 -704
-243 308 -702
-243 308 -702
-243 309 -704
-243 309 -704
-240 309 -704
-244 310 -702
-244 310 -702
-246 308 -703
-244 309 -702
-244 309 -702
-243 309 -703
-243 309 -703
-246 310 -705
-244 309 -704
-244 309 -704
-243 313 -702
-245 309 -704
-245 309 -704
-245 311 -704
-246 309 -707
-246 309 -707
-246 312 -702
-246 312 -702
-245 312 -703
-244 311 -704
-244 311 -704
-244 311 -702
-248 313 -702
-248 313 -702
-243 308 -703
-243 308 -703
-241 310 -701
-246 312 -704
-246 312 -704
-244 311 -704
-247 311 -705
-247 311 -705
-242 311 -703
-242 311 -703
-244 307 -704
-245 309 -704
-245 309 -704
-243 308 -702
-244 310 -703
-244 310 -703
-245 312 -705
-245 310 -703
-245 310 -703
-243 311 -705
-243 311 -705
-247 309 -704
-245 313 -701
-245 313 -701
-245 309 -701
-246 310 -702
-246 310 -702
-246 312 -704
-246 312 -704
-243 310 -704
-242 309 -703
-242 309 -703
-244 311 -704
-241 311 -704
-241 311 -704
-244 309 -701
-244 309 -701
-243 311 -706
-243 308 -703
-243 308 -703
-245 308 -703
-247 310 -706
-247 310 -706
-244 311 -704
-245 311 -706
-245 311 -706
-243 309 -704
-243 309 -704
-243 310 -703
-245 307 -703
-245 307 -703
-245 310 -705
-243 307 -701
-243 307 -701
-244 311 -704
-244 311 -704
-246 310 -702
-244 309 -703
-244 309 -703
-248 309 -704
-245 310 -703
-245 310 -703
-244 310 -703
-243 308 -705
-243 308 -705
-244 313 -701
-244 313 -701
-244 308 -704
-244 310 -702
-244 310 -702
-243 311 -704
-244 312 -700
-244 312 -700
-239 311 -703
-239 311 -703
-244 312 -703
-247 309 -705
-247 309 -705
-244 310 -706
-243 313 -704
-243 313 -704
-242 309 -703
-242 309 -703
-242 310 -703
-244 309 -702
-244 309 -702
-244 311 -703
-241 309 -705
-241 309 -705
-243 308 -703
-244 309 -701
-244 309 -701
-245 311 -705
-245 311 -705
-243 311 -703
-242 310 -704
-242 310 -704
-245 310 -704
-241 312 -704
-241 312 -704
-245 309 -707
-245 309 -707
-244 312 -703
-245 310 -702
-245 310 -702
-243 311 -705
-242 309 -705
-242 309 -705
-243 311 -704
-244 309 -705
-244 309 -705
-243 311 -704
-243 311 -704
-245 311 -704
-244 312 -703
-244 312 -703
-244 309 -704
-243 309 -704
-243 309 -704
-244 313 -704
-244 313 -704
-242 311 -704
-245 311 -700
-245 311 -700
-245 311 -705
-244 311 -706
-244 311 -706
-246 309 -702
-246 309 -702
-242 313 -701
-244 311 -703
-244 311 -703
-244 310 -705
-244 311 -703
-244 311 -703
-244 311 -701
-244 312 -704
-244 312 -704
-242 311 -707
-242 311 -707
-243 312 -706
-243 313 -705
-243 313 -705
-242 317 -705
-247 315 -703
-247 315 -703
-242 316 -704
-242 316 -704
-241 317 -702
-243 319 -700
-243 319 -700
-245 319 -701
-246 320 -703
-246 320 -703
-247 323 -701
-247 323 -701
-247 324 -701
-248 325 -704
-248 325 -704
-248 323 -705
-247 325 -701
-247 325 -701
-246 328 -701
-248 327 -701
-248 327 -701
-250 329 -701
-250 329 -701
-251 327 -699
-254 327 -700
-254 327 -700
-256 324 -701
-253 324 -700
-253 324 -700
-254 320 -705
-254 320 -705
-252 317 -705
-251 320 -708
-251 320 -708
-247 316 -707
-248 317 -705
-248 317 -705
-246 316 -707
-247 312 -705
-247 312 -705
-244 315 -705
-244 315 -705
-243 314 -706
-245 312 -706
-245 312 -706
-246 312 -704
-246 310 -705
-246 310 -705
-245 311 -706
-245 311 -706
-247 310 -705
-246 310 -707
-246 310 -707
-247 312 -705
-242 309 -706
-242 309 -706
-240 312 -703
-240 312 -703
-244 311 -707
-247 312 -705
-247 312 -705
-245 309 -705
-244 312 -706
-244 312 -706
-244 310 -707
-243 313 -703
-243 313 -703
-245 310 -704
-245 310 -704
-242 309 -705
-243 310 -706
-243 310 -706
-242 310 -702
-244 308 -705
-244 308 -705
-243 309 -703
-243 309 -703
-244 309 -704
-244 310 -700
-244 310 -700
-246 308 -704
-244 310 -705
-244 310 -705
-244 309 -705
-244 309 -705
-244 309 -705
-246 309 -706
-246 309 -706
-241 308 -705
-245 310 -704
-245 310 -704
-243 312 -703
-244 308 -704
-244 308 -704
-244 310 -705
-244 310 -705
-242 311 -703
-244 310 -704
-244 310 -704
-246 312 -705
-246 310 -706
-246 310 -706
-241 310 -705
-241 310 -705
-242 314 -705
-242 310 -706
-242 310 -706
-240 311 -706
-242 309 -706
-242 309 -706
-242 309 -706
-241 311 -709
-241 311 -709
-241 313 -704
-241 313 -704
-239 314 -705
-239 314 -703
-239 314 -703
-240 315 -704
-241 316 -704
-241 316 -704
-238 318 -701
-238 318 -701
-237 323 -698
-237 324 -699
-237 324 -699
-241 326 -694
-246 329 -689
-246 329 -689
-254 333 -690
-254 333 -690
-263 333 -691
-267 331 -694
-267 331 -694
-262 328 -694
-264 323 -695
-264 323 -695
-267 321 -696
-269 322 -702
-269 322 -702
-269 320 -706
-269 320 -706
-265 316 -709
-259 317 -711
-259 317 -711
-253 315 -709
-252 314 -710
-252 314 -710
-251 312 -708
-251 312 -708
-249 310 -708
-250 314 -709
-250 314 -709
-246 311 -706
-248 310 -708
-248 310 -708
-244 312 -707
-245 308 -708
-245 308 -708
-244 311 -707
-244 311 -707
-243 312 -704
-245 311 -704
-245 311 -704
-243 312 -706
-242 312 -706
-242 312 -706
-244 309 -706
-244 309 -706
-245 310 -703
-243 312 -704
-243 312 -704
-244 309 -705
-244 312 -705
-244 312 -705
-245 310 -705
-245 310 -705
-246 307 -703
-243 310 -707
-243 310 -707
-242 306 -704
-243 309 -702
-243 309 -702
-247 310 -705
-245 311 -707
-245 311 -707
-242 309 -704
-242 309 -704
-247 311 -703
-243 310 -703
-243 310 -703
-245 311 -705
-242 309 -703
-242 309 -703
-244 309 -705
-244 309 -705
-243 313 -703
-242 311 -701
-242 311 -701
-242 311 -703
-242 310 -704
-242 310 -704
-246 309 -702
-246 309 -702
-246 309 -702
-244 311 -704
-244 311 -704
-244 310 -704
-245 309 -704
-245 309 -704
-244 312 -704
-245 310 -702
-245 310 -702
-244 310 -704
-244 310 -704
-244 310 -705
-243 307 -703
-243 307 -703
-246 308 -706
-247 310 -703
-247 310 -703
-243 309 -706
-243 309 -706
-244 308 -704
-246 314 -706
-246 314 -706
-244 312 -703
-245 312 -704
-245 312 -704
-243 310 -704
-241 308 -705
-241 308 -705
-242 308 -705
-242 308 -705
-243 312 -704
-245 312 -705
-245 312 -705
-243 309 -703
-244 309 -705
-244 309 -705
-243 312 -702
-243 312 -702
-243 307 -702
-244 310 -702
-244 310 -702
-244 308 -701
-245 309 -703
-245 309 -703
-243 310 -701
-243 310 -701
-244 309 -705
-244 312 -703
-244 312 -703
-245 308 -701
-249 309 -702
-249 309 -702
-247 309 -707
-245 310 -704
-245 310 -704
-242 307 -704
-242 307 -704
-245 309 -703
-248 309 -706
-248 309 -706
-244 310 -705
-242 310 -705
-242 310 -705
-243 310 -704
-243 310 -704
-241 310 -703
-243 310 -702
-243 310 -702
-244 309 -705
-246 309 -704
-246 309 -704
-242 309 -701
-246 312 -702
-246 312 -702
-244 309 -704
-244 309 -704
-244 309 -703
-245 309 -704
-245 309 -704
-245 311 -703
-243 311 -702
-243 311 -702
-245 312 -704
-245 312 -704
-244 311 -703
-244 309 -703
-244 309 -703
-246 310 -703
-245 311 -702
-245 311 -702
-245 310 -700
-245 310 -700
-245 307 -705
-245 310 -703
-245 310 -703
-241 311 -705
-244 311 -705
-244 311 -705
-243 310 -705
-242 313 -706
-242 313 -706
-243 310 -704
-243 310 -704
-244 314 -702
-243 309 -702
-243 309 -702
-244 312 -703
-241 308 -703
-241 308 -703
-245 309 -706
-245 309 -706
-244 307 -702
-242 310 -705
-242 310 -705
-245 309 -704
-245 309 -703
-245 309 -703
-247 308 -704
-247 308 -704
-247 308 -704
-246 310 -703
-246 310 -703
-244 312 -702
-244 311 -702
-244 311 -702
-243 311 -703
-242 310 -704
-242 310 -704
-245 311 -706
-245 311 -706
-243 309 -705
-246 312 -701
-246 312 -701
-245 309 -705
-243 307 -703
-243 307 -703
-242 311 -704
-242 311 -704
-243 309 -701
-244 310 -701
-244 310 -701
-246 312 -704
-244 309 -703
-244 309 -703
-244 311 -705
-244 310 -705
-244 310 -705
-246 309 -703
-246 309 -703
-244 310 -702
-243 310 -704
-243 310 -704
-245 306 -702
-243 308 -702
-243 308 -702
-245 310 -704
-245 310 -704
-243 310 -704
-244 311 -702
-244 311 -702
-242 310 -702
-243 310 -706
-243 310 -706
-243 309 -703
-243 309 -703
-242 310 -705
-245 310 -705
-245 310 -705
-240 310 -700
-244 308 -706
-244 308 -706
-245 310 -703
-241 310 -702
-241 310 -702
-243 311 -704
-243 311 -704
-244 309 -705
-247 309 -704
-247 309 -704
-246 309 -704
-246 309 -702
-246 309 -702
-243 309 -703
-243 309 -703
-244 310 -703
-242 310 -702
-242 310 -702
-243 310 -706
-243 312 -706
-243 312 -706
-243 309 -704
-243 309 -702
-243 312 -702
-243 314 -704
-243 314 -704
-246 309 -703
-243 311 -703
-243 311 -703
-243 311 -705
-245 309 -702
-245 309 -702
-243 311 -705
-243 311 -705
-244 312 -706
-245 312 -704
-245 312 -704
-243 308 -700
-245 310 -704
-245 310 -704
-246 309 -702
-246 309 -702
-245 309 -702
-242 312 -704
-242 312 -704
-245 312 -703
-245 311 -702
-245 311 -702
-244 308 -704
-246 309 -702
-246 309 -702
-244 310 -703
-244 310 -703
-244 310 -703
-246 314 -703
-246 314 -703
-243 312 -701
-245 308 -704
-245 308 -704
-244 308 -702
-244 308 -702
-241 311 -707
-245 308 -705
-245 308 -705
-240 313 -704
-244 311 -705
-244 311 -705
-240 309 -705
-240 309 -705
-244 309 -702
-244 309 -703
-244 309 -703
-241 311 -705
-243 311 -703
-243 311 -703
-243 310 -700
-243 308 -703
-243 308 -703
-245 310 -702
-245 310 -702
-245 310 -705
-244 312 -704
-244 312 -704
-244 309 -703
-243 310 -703
-243 310 -703
-241 310 -705
-241 310 -705
-245 312 -704
-245 309 -707
-245 309 -707
-244 310 -703
-244 310 -707
-244 310 -707
-245 310 -705
-244 309 -704
-244 309 -704
-243 312 -703
-243 312 -703
-242 310 -702
-244 311 -707
-244 311 -707
-242 308 -703
-245 310 -703
-245 310 -703
-247 312 -705
-247 312 -705
-246 311 -703
-242 313 -705
-242 313 -705
-244 310 -705
-246 310 -702
-246 310 -702
-245 309 -702
-245 309 -702
-244 309 -704
-244 309 -703
-244 309 -703
-245 311 -703
-243 310 -704
-243 310 -704
-243 309 -704
-243 312 -702
-243 312 -702
-243 310 -703
-243 310 -703
-242 313 -704
-245 312 -703
-245 312 -703
-244 312 -701
-243 310 -704
-243 310 -704
-243 311 -702
-243 311 -702
-243 309 -703
-243 310 -704
-243 310 -704
-244 310 -704
-242 309 -702
-242 309 -702
-246 312 -706
-246 310 -703
-244 310 -703
-248 312 -702
-248 312 -702
-245 310 -704
-246 310 -704
-246 310 -704
-246 310 -702
-247 312 -703
-247 312 -703
-242 310 -702
-242 310 -702
-245 314 -702
-245 311 -704
-245 311 -704
-243 310 -701
-244 309 -705
-244 309 -705
-244 311 -704
-244 311 -704
-244 311 -704
-244 310 -706
-244 310 -706
-241 311 -703
-241 312 -704
-241 312 -704
-247 310 -704
-245 312 -703
-245 312 -703
-243 308 -705
-243 308 -705
-240 312 -704
-243 311 -702
-243 311 -702
-242 308 -703
-245 311 -702
-245 311 -702
-245 311 -704
-245 311 -704
-246 310 -703
-245 309 -704
-245 309 -704
-243 307 -703
-245 310 -704
-245 310 -704
-244 309 -702
-244 309 -702
-244 308 -704
-241 310 -701
-241 310 -701
-242 310 -701
-243 311 -704
-243 311 -704
-242 311 -702
-242 313 -702
-242 313 -702
-244 309 -706
-244 309 -706
-242 312 -704
-245 311 -703
-245 311 -703
-244 310 -702
-243 310 -703
-243 310 -703
-241 311 -702
-241 311 -702
-243 310 -702
-241 310 -700
-241 310 -700
-245 311 -703
-246 308 -703
-246 308 -703
-240 313 -703
-244 312 -702
-244 312 -702
-242 312 -704
-242 312 -704
-243 310 -706
-243 314 -703
-243 314 -703
-240 313 -703
-244 310 -702
-244 310 -702
-240 313 -703
-240 313 -703
-241 312 -705
-239 313 -706
-239 313 -706
-239 313 -706
-239 317 -711
-239 317 -711
-241 316 -712
-241 316 -712
-241 317 -712
-244 318 -713
-244 318 -713
-248 318 -717
-252 316 -715
-252 316 -715
-255 319 -714
-259 321 -715
-259 321 -715
-262 322 -712
-262 322 -712
-261 321 -710
-261 319 -707
-261 319 -707
-262 321 -707
-265 320 -705
-265 320 -705
-265 321 -703
-265 321 -703
-265 323 -702
-264 323 -704
-264 323 -704
-258 321 -700
-258 322 -699
-258 322 -699
-253 315 -698
-253 315 -698
-253 315 -698
-253 316 -697
-253 316 -697
-251 315 -701
-250 314 -694
-250 314 -694
-249 313 -700
-249 312 -698
-249 312 -698
-246 311 -700
-246 311 -700
-247 313 -699
-248 312 -699
-248 312 -699
-245 315 -697
-245 312 -699
-245 312 -699
-248 309 -701
-248 309 -701
-246 314 -700
-245 313 -702
-245 313 -702
-244 310 -699
-244 312 -703
-244 312 -703
-243 311 -700
-244 309 -700
-244 309 -700
-244 311 -701
-244 311 -701
-247 311 -698
-244 311 -702
-244 311 -702
-243 312 -702
-244 309 -704
-244 309 -704
-242 312 -702
-242 312 -702
-243 312 -698
-243 313 -700
-243 313 -700
-241 308 -698
-242 310 -698
-242 310 -698
-242 313 -699
-242 313 -699
-243 312 -696
-239 314 -697
-239 314 -697
-235 314 -695
-234 315 -695
-234 315 -695
-230 316 -690
-226 318 -691
-226 318 -691
-217 323 -692
-217 323 -692
-210 326 -698
-206 328 -711
-206 328 -711
-206 327 -726
-214 333 -739
-214 333 -739
-232 332 -750
-232 332 -750
-252 330 -761
-276 328 -766
-276 328 -766
-302 320 -756
-316 318 -735
-316 318 -735
-323 314 -711
-323 314 -711
-323 314 -711
-297 313 -685
-297 313 -685
-283 314 -679
-274 311 -684
-274 311 -684
-265 313 -689
-259 315 -690
-259 315 -690
-256 310 -692
-256 310 -692
-252 314 -695
-250 312 -694
-250 312 -694
-248 308 -697
-245 311 -699
-245 311 -699
-247 311 -696
-247 311 -696
-246 312 -700
-246 310 -700
-246 310 -700
-243 312 -699
-244 313 -701
-244 313 -701
-245 309 -703
-242 309 -700
-242 309 -700
-245 311 -703
-245 311 -703
-245 311 -705
-246 311 -701
-246 311 -701
-242 309 -703
-246 313 -700
-246 313 -700
-243 310 -704
-243 310 -704
-242 310 -702
-243 310 -704
-243 310 -704
-242 312 -702
-244 312 -702
-244 312 -702
-249 312 -701
-249 312 -701
-245 308 -701
-246 308 -704
-246 308 -704
-245 310 -702
-244 310 -702
-244 310 -702
-245 311 -701
-244 311 -704
-244 311 -704
-246 311 -704
-246 311 -704
-245 309 -702
-245 308 -703
-245 308 -703
-244 310 -704
-244 311 -705
-244 311 -705
-242 310 -701
-242 310 -701
-244 309 -705
-243 308 -700
-243 308 -700
-245 312 -702
-243 311 -705
-243 311 -705
-242 309 -702
-244 309 -702
-244 309 -702
-244 311 -705
-244 311 -705
-243 309 -703
-245 309 -704
-245 309 -704
-245 310 -702
-244 310 -705
-244 310 -705
-245 310 -701
-245 310 -701
-241 308 -704
-245 311 -703
-245 311 -703
-247 312 -705
-246 308 -706
-246 308 -706
-245 309 -702
-245 309 -702
-243 313 -705
-245 310 -703
-245 310 -703
-243 311 -705
-242 312 -702
-242 312 -702
-242 311 -701
-242 313 -705
-242 313 -705
-242 310 -703
-242 310 -703
-246 309 -706
-244 311 -703
-244 311 -703
-243 310 -703
-242 309 -703
-242 309 -703
-241 310 -703
-241 310 -703
-246 312 -704
-246 311 -703
-246 311 -703
-244 309 -704
-245 309 -701
-245 309 -701
-245 310 -706
-245 309 -703
-244 309 -703
-242 311 -704
-242 311 -704
-247 309 -702
-247 310 -704
-247 310 -704
-243 310 -702
-240 310 -704
-240 310 -704
-243 310 -705
-243 310 -705
-243 310 -706
-244 310 -703
-244 310 -703
-240 312 -704
-241 311 -702
-241 311 -702
-244 308 -701
-244 308 -701
-247 313 -703
-244 310 -703
-244 310 -703
-244 311 -702
-245 310 -704
-245 310 -704
-246 309 -705
-245 306 -702
-245 306 -702
-245 306 -703
-245 306 -703
-246 310 -702
-242 309 -702
-242 309 -702
-244 310 -701
-242 312 -702
-242 312 -702
-244 310 -700
-244 310 -700
-246 310 -704
-243 310 -703
-243 310 -703
-243 309 -704
-243 310 -702
-243 310 -702
-242 312 -702
-242 312 -702
-244 311 -704
-244 312 -702
-244 312 -702
-243 311 -703
-244 310 -703
-244 310 -703
-245 311 -702
-245 312 -705
-245 312 -705
-243 308 -703
-243 308 -703
-244 312 -702
-246 311 -703
-246 311 -703
-246 309 -702
-244 309 -703
-244 309 -703
-244 310 -704
-244 310 -704
-245 309 -704
-244 310 -703
-244 310 -703
-246 311 -700
-246 310 -703
-246 310 -703
-245 311 -704
-242 311 -701
-242 311 -701
-245 311 -702
-245 311 -702
-243 311 -701
-243 311 -705
-243 311 -705
-239 307 -705
-243 309 -704
-243 309 -704
-243 309 -704
-243 309 -704
-244 310 -701
-244 310 -703
-244 310 -703
-242 308 -703
-245 310 -702
-245 310 -702
-248 311 -705
-248 311 -705
-245 310 -703
-248 309 -705
-248 309 -705
-247 310 -705
-243 309 -704
-243 309 -704
-245 309 -704
-244 311 -700
-244 311 -700
-244 310 -702
-244 310 -702
-243 308 -702
-244 311 -702
-244 311 -702
-244 310 -702
-244 310 -702
-244 310 -702
-242 312 -704
-242 312 -704
-242 309 -702
-246 311 -703
-246 311 -703
-245 309 -702
-244 311 -702
-244 311 -702
-246 308 -703
-246 308 -703
-243 309 -702
-247 308 -705
-247 308 -705
-244 311 -704
-245 312 -702
-245 312 -702
-243 310 -702
-246 311 -704
-246 311 -704
-245 310 -701
-245 310 -701
-244 311 -701
-242 309 -702
-242 309 -702
-243 310 -702
-245 309 -706
-245 309 -706
-246 309 -701
-246 309 -701
-246 310 -700
-242 312 -705
-242 312 -705
-244 308 -704
-243 310 -702
-243 310 -702
-242 310 -705
-244 309 -704
-244 309 -704
-244 311 -703
-244 311 -703
-243 311 -703
-243 311 -704
-243 311 -704
-243 310 -702
-242 311 -702
-242 311 -702
-243 311 -700
-243 311 -700
-243 310 -701
-246 313 -705
-246 313 -705
-244 308 -703
-243 308 -701
-243 308 -701
-245 311 -702
-245 311 -702
-241 312 -701
-243 309 -702
-243 309 -702
-243 308 -704
-245 311 -705
-245 311 -705
-242 310 -703
-245 310 -702
-245 310 -702
-245 310 -705
-245 310 -705
-245 309 -707

