-290 92 233
-290 92 233
-293 91 234
-293 91 234
-290 91 231
-289 93 234
-289 93 234
-291 94 233
-290 94 232
-290 94 232
-290 92 232
-290 92 232
-288 91 231
-289 93 232
-289 93 232
-288 93 231
-288 94 228
-288 94 228
-290 91 233
-290 91 233
-289 94 230
-288 94 232
-288 94 232
-290 96 232
-288 94 232
-288 94 232
-288 93 232
-289 92 233
-289 92 233
-291 96 233
-291 96 233
-293 89 235
-293 92 235
-293 92 235
-292 94 233
-291 91 234
-291 91 234
-292 93 233
-292 93 233
-290 89 230
-287 93 233
-287 93 233
-289 92 232
-292 91 234
-292 91 234
-290 94 231
-290 94 231
-291 92 234
-290 92 231
-290 92 231
-294 93 233
-290 93 232
-290 93 232
-288 93 233
-288 93 233
-288 95 232
-290 91 232
-290 91 232
-289 94 230
-289 93 231
-289 93 231
-291 95 232
-289 92 230
-289 92 230
-289 92 230
-289 92 230
-291 92 233
-293 93 233
-293 93 233
-293 91 234
-292 93 234
-292 93 234
-292 92 232
-292 92 232
-289 91 234
-290 93 229
-290 93 229
-291 93 231
-292 90 234
-292 90 234
-290 92 230
-290 92 230
-289 92 232
-288 92 231
-288 92 231
-289 90 232
-291 92 231
-291 92 231
-292 92 232
-292 93 233
-287 93 233
-290 92 230
-290 92 230
-291 94 234
-290 95 235
-290 95 235
-289 92 231
-289 92 231
-289 92 231
-292 92 232
-292 92 232
-290 92 230
-291 91 231
-291 91 231
-291 92 232
-289 93 230
-289 93 230
-289 92 232
-289 92 232
-290 92 233
-289 91 232
-289 91 232
-292 91 231
-291 94 231
-291 94 231
-290 92 233
-290 92 233
-292 92 233
-292 92 230
-292 92 230
-290 94 230
-291 93 231
-291 93 231
-291 92 229
-289 91 230
-289 91 230
-290 93 232
-290 93 232
-291 95 230
-289 92 230
-289 92 230
-291 92 232
-292 94 234
-292 94 234
-288 91 233
-288 91 233
-291 93 231
-289 92 232
-289 92 232
-291 94 234
-290 91 232
-290 91 232
-293 92 231
-293 92 231
-291 91 228
-293 91 230
-293 91 230
-292 93 230
-290 92 231
-290 92 231
-291 91 233
-291 91 233
-291 91 233
-291 93 230
-291 93 230
-293 91 233
-289 93 228
-289 93 228
-288 94 231
-289 93 231
-289 93 231
-288 93 228
-288 93 228
-290 92 232
-290 94 231
-290 94 231
-291 94 231
-289 94 231
-289 94 231
-290 91 230
-290 91 230
-291 94 229
-289 93 232
-289 93 232
-291 95 232
-289 92 231
-289 92 231
-293 92 232
-293 92 232
-293 93 229
-293 92 233
-293 92 233
-291 92 232
-292 91 231
-292 91 231
-290 92 231
-289 95 231
-289 95 231
-288 91 233
-288 91 233
-290 93 229
-287 95 231
-287 95 231
-287 94 232
-285 94 229
-285 94 229
-288 96 233
-288 96 233
-285 94 232
-286 94 231
-286 94 231
-286 94 228
-285 96 228
-285 96 228
-284 96 226
-284 96 226
-286 98 229
-285 95 227
-285 95 227
-283 98 226
-284 97 223
-284 97 223
-282 100 222
-282 100 222
-286 98 221
-288 99 214
-288 99 214
-292 100 215
-296 102 209
-296 102 209
-296 98 206
-300 102 203
-300 102 203
-306 98 200
-306 98 200
-310 102 202
-315 103 201
-315 103 201
-322 102 201
-330 106 204
-330 106 204
-332 106 204
-332 106 204
-337 107 210
-344 107 213
-344 107 213
-343 108 216
-343 112 220
-343 112 220
-346 114 220
-346 114 220
-345 113 225
-344 113 225
-344 113 225
-343 113 228
-343 115 228
-343 115 228
-343 110 231
-339 112 234
-339 112 234
-343 112 236
-343 112 236
-336 108 241
-330 111 243
-330 111 243
-327 108 243
-322 106 247
-322 106 247
-316 105 245
-316 105 245
-313 102 244
-306 99 242
-306 99 242
-305 101 243
-300 100 239
-300 100 239
-296 97 239
-296 97 239
-294 99 237
-294 97 236
-294 97 236
-296 100 236
-294 95 237
-294 95 237
-292 98 231
-293 94 233
-293 94 233
-292 97 233
-292 97 233
-294 94 234
-291 91 230
-291 91 230
-293 94 234
-297 92 232
-297 92 232
-293 94 230
-293 94 230
-294 92 232
-293 95 233
-293 95 233
-291 91 232
-293 92 231
-293 92 231
-293 92 231
-293 92 231
-292 92 230
-295 92 232
-295 92 232
-293 88 228
-291 93 230
-291 93 230
-289 95 229
-288 92 228
-288 92 228
-288 93 229
-288 93 229
-291 95 229
-291 92 230
-291 92 230
-294 91 231
-292 94 230
-292 94 230
-292 92 231
-292 92 231
-292 93 230
-294 91 230
-294 91 230
-290 93 228
-292 89 230
-292 89 230
-294 95 231
-294 95 231
-291 92 230
-289 92 230
-289 92 230
-289 95 229
-291 91 227
-291 91 227
-288 92 226
-288 92 226
-289 93 230
-291 92 229
-291 92 229
-291 91 231
-291 92 231
-291 92 231
-291 91 227
-293 94 230
-293 94 230
-291 94 229
-291 94 229
-290 91 227
-291 93 229
-291 93 229
-292 93 227
-291 91 228
-291 91 228
-290 90 226
-290 90 226
-292 92 229
-292 92 228
-292 92 228
-292 90 231
-291 94 228
-291 94 228
-289 94 227
-289 94 227
-291 93 229
-295 92 234
-295 92 234
-294 90 230
-293 91 231
-293 91 231
-288 94 229
-288 94 229
-288 94 229
-295 90 232
-295 90 232
-289 93 228
-290 92 228
-290 92 228
-290 92 230
-289 90 228
-289 90 228
-293 93 229
-293 93 229
-291 91 227
-292 90 231
-292 90 231
-292 92 229
-293 92 230
-293 92 230
-292 93 228
-292 93 228
-291 93 226
-290 94 231
-290 94 231
-293 94 227
-293 97 229
-293 97 229
-292 92 229
-292 92 229
-294 89 229
-293 91 229
-293 91 229
-293 92 233
-294 90 230
-294 90 230
-292 90 229
-291 91 229
-291 91 229
-293 94 231
-293 94 231
-290 92 229
-291 92 229
-291 92 229
-291 90 230
-291 93 228
-291 93 228
-292 93 230
-292 93 230
-291 93 228
-290 92 227
-290 92 227
-293 91 227
-291 90 227
-291 90 227
-293 92 229
-293 92 229
-291 93 228
-288 93 228
-288 93 228
-290 92 227
-293 93 229
-293 93 229
-291 90 230
-291 90 230
-294 91 230
-292 91 232
-292 91 232
-292 91 229
-291 89 228
-291 89 228
-293 91 228
-289 92 227
-289 92 227
-293 91 228
-293 91 228
-293 92 227
-293 91 228
-293 91 228
-293 92 229
-293 91 227
-293 91 227
-293 91 230
-293 91 230
-288 94 227
-289 93 227
-289 93 227
-289 94 227
-291 93 227
-291 93 227
-288 95 227
-288 95 227
-292 94 228
-291 91 228
-291 91 228
-294 90 230
-289 91 229
-289 91 229
-293 88 227
-293 88 227
-293 88 227
-293 92 228
-293 92 228
-291 91 227
-292 90 229
-292 90 229
-291 93 227
-290 92 227
-290 92 227
-292 92 230
-292 92 230
-293 90 228
-293 90 227
-293 90 227
-293 90 229
-292 93 229
-292 93 229
-290 94 226
-290 94 226
-294 93 229
-293 93 229
-293 93 229
-292 93 227
-286 93 228
-286 93 228
-289 94 227
-289 94 227
-290 92 229
-294 91 228
-294 91 228
-291 91 228
-292 93 228
-292 93 228
-294 92 228
-288 91 227
-288 91 227
-291 90 228
-291 90 228
-294 92 229
-292 90 227
-292 90 227
-294 92 229
-294 90 225
-294 90 225
-291 90 228
-291 90 228
-291 91 227
-291 91 225
-291 91 225
-290 92 229
-293 91 229
-293 91 229
-293 92 230
-293 92 230
-292 91 227
-290 92 224
-290 92 224
-292 93 226
-290 93 227
-290 93 227
-293 94 227
-293 94 227
-291 91 227
-291 91 231
-291 91 231
-289 92 227
-290 92 229
-290 92 229
-292 92 228
-290 94 226
-290 94 226
-292 94 225
-292 94 225
-296 91 228
-295 90 226
-295 90 226
-292 91 230
-294 90 228
-294 90 228
-293 92 228
-293 92 228
-293 91 228
-295 89 225
-295 89 225
-291 91 229
-290 91 228
-290 91 228
-295 92 227
-295 92 227
-293 89 229
-289 92 226
-289 92 226
-293 93 229
-291 92 229
-291 92 229
-288 93 227
-288 93 227
-290 93 227
-292 94 227
-292 94 227
-292 92 225
-291 94 231
-291 94 231
-294 93 229
-294 95 228
-294 95 228
-289 90 226
-289 90 226
-294 91 230
-293 92 227
-293 92 227
-294 90 226
-291 93 229
-291 93 229
-294 90 227
-294 90 227
-295 91 230
-291 91 225
-291 91 225
-294 92 228
-291 93 227
-291 93 227
-295 91 228
-295 91 228
-292 92 227
-294 90 224
-294 90 224
-292 91 227
-288 92 227
-288 92 227
-292 94 227
-290 91 228
-290 91 228
-290 91 227
-290 91 227
-291 91 226
-289 93 227
-289 93 227
-291 92 226
-289 90 229
-289 90 229
-292 91 229
-292 91 229
-291 91 227
-293 91 229
-293 91 229
-295 92 230
-293 91 229
-293 91 229
-294 93 227
-294 93 227
-293 92 227
-291 91 228
-291 91 228
-294 93 229
-294 89 225
-294 89 225
-291 91 228
-291 91 228
-293 91 226
-290 90 229
-290 90 229
-293 93 228
-293 92 230
-293 92 230
-292 94 230
-290 95 229
-290 95 229
-291 92 226
-291 92 226
-289 95 226
-291 91 225
-291 91 225
-289 92 229
-290 92 229
-290 92 229
-290 93 227
-290 93 227
-292 92 229
-295 90 228
-295 90 228
-292 93 228
-293 88 229
-293 88 229
-290 91 229
-290 91 229
-293 92 226
-297 94 229
-297 94 229
-295 90 226
-291 91 228
-291 91 228
-293 93 227
-294 90 226
-294 90 226
-295 93 228
-295 93 228
-292 92 227
-293 91 229
-293 91 229
-295 92 227
-291 92 227
-291 92 227
-288 90 226
-288 90 226
-291 91 227
-291 92 228
-291 92 228
-292 89 227
-294 93 227
-294 93 227
-291 92 228
-291 92 228
-293 93 228
-291 91 226
-291 91 226
-293 91 228
-292 91 230
-292 91 230
-294 90 229
-294 90 229
-291 91 227
-290 92 231
-290 92 231
-292 90 231
-292 92 229
-292 92 229
-293 94 227
-291 91 229
-291 91 229
-295 89 229
-295 89 229
-293 91 226
-292 93 228
-292 93 228
-291 93 228
-289 92 224
-289 92 224
-294 90 223
-294 90 223
-292 90 228
-291 95 228
-291 95 228
-291 92 230
-290 94 228
-290 94 228
-292 90 227
-292 90 227
-293 93 228
-291 92 227
-291 92 227
-294 91 230
-294 91 227
-294 91 227
-291 91 225
-291 91 225
-292 90 229
-293 91 226
-293 91 226
-291 92 227
-293 93 227
-293 93 227
-291 91 230
-291 92 227
-291 92 227
-291 91 228
-291 91 228
-294 92 230
-291 92 228
-291 92 228
-288 93 226
-291 91 226
-291 91 226
-289 90 229
-289 90 229
-289 94 227
-290 93 226
-290 93 226
-291 94 227
-292 94 228
-292 94 228
-291 92 226
-291 92 226
-292 90 226
-290 94 227
-290 94 227
-290 92 232
-292 95 227
-292 95 227
-287 93 229
-291 94 228
-291 94 228
-288 91 226
-288 91 226
-291 93 224
-291 90 229
-291 90 229
-288 92 228
-289 93 227
-289 93 227
-290 95 225
-290 95 225
-289 92 226
-290 95 224
-290 95 224
-287 98 226
-288 98 224
-288 98 224
-288 95 220
-288 95 220
-285 97 218
-287 100 216
-287 100 216
-285 99 214
-290 100 210
-290 100 210
-291 99 205
-291 99 205
-295 103 207
-299 104 203
-299 104 203
-304 101 202
-311 101 196
-311 101 196
-318 103 196
-320 103 197
-320 103 197
-331 103 198
-331 103 198
-336 102 199
-343 105 204
-343 105 204
-351 106 204
-350 105 209
-350 105 209
-354 107 212
-354 107 212
-356 110 216
-359 112 222
-359 112 222
-356 110 223
-356 114 224
-356 114 224
-353 118 227
-353 118 227
-353 118 226
-353 117 229
-353 117 229
-352 114 233
-348 116 236
-348 116 236
-340 113 242
-336 109 243
-336 109 243
-331 108 246
-331 108 246
-325 109 246
-318 106 243
-318 106 243
-314 103 246
-309 102 240
-309 102 240
-304 100 243
-304 100 243
-299 97 239
-300 99 237
-300 99 237
-297 94 238
-296 98 234
-296 98 234
-296 94 233
-296 94 233
-296 95 234
-297 98 232
-297 98 232
-295 93 234
-298 94 232
-298 94 232
-296 93 229
-292 94 230
-292 94 230
-293 94 229
-293 94 229
-292 94 227
-293 94 230
-293 94 230
-294 94 229
-293 93 228
-293 93 228
-294 92 230
-294 92 230
-296 92 228
-292 92 228
-292 92 228
-292 92 227
-293 90 231
-293 90 231
-294 93 228
-294 93 228
-294 92 228
-292 93 226
-292 93 226
-295 90 229
-292 93 230
-292 93 230
-293 91 228
-293 91 228
-292 89 227
-295 92 227
-295 92 227
-293 92 227
-291 92 232
-291 92 232
-294 92 225
-293 91 228
-293 91 228
-292 91 227
-292 91 227
-293 92 226
-293 93 227
-293 93 227
-290 94 228
-294 90 224
-294 90 224
-290 92 230
-290 92 230
-293 93 228
-293 94 229
-293 94 229
-290 95 228
-292 91 227
-292 91 227
-294 90 225
-294 90 225
-292 91 225
-293 92 228
-293 92 228
-294 90 227
-292 93 226
-292 93 226
-292 92 226
-292 94 225
-294 94 225
-293 91 227
-293 91 227
-295 90 228
-292 91 229
-292 91 229
-295 91 226
-291 89 225
-291 89 225
-290 91 225
-290 91 225
-291 92 223
-292 91 227
-292 91 227
-291 91 227
-294 91 227
-294 91 227
-291 91 224
-291 91 224
-291 93 225
-291 93 227
-291 93 227
-291 92 225
-293 90 226
-293 90 226
-292 92 228
-292 92 228
-291 93 226
-294 92 226
-294 92 226
-294 92 226
-293 90 226
-293 90 226
-291 91 225
-293 91 228
-293 91 228
-294 90 227
-294 90 227
-294 94 225
-296 91 229
-296 91 229
-296 93 229
-294 92 225
-294 92 225
-292 90 225
-292 90 225
-293 92 224
-292 92 222
-292 92 222
-293 93 226
-291 90 225
-291 90 225
-291 92 223
-291 92 223
-292 94 226
-292 92 223
-292 92 223
-293 91 227
-291 91 227
-291 91 227
-293 92 225
-293 92 225
-293 90 225
-292 93 226
-292 93 226
-294 89 224
-293 90 224
-293 90 224
-294 92 226
-296 92 226
-296 92 226
-295 90 228
-295 90 228
-294 91 226
-291 90 227
-291 90 227
-294 90 225
-294 92 224
-294 92 224
-291 92 227
-291 92 227
-293 90 226
-295 89 227
-295 89 227
-289 92 228
-292 92 229
-292 92 229
-292 92 227
-292 92 227
-290 92 226
-292 94 227
-292 94 227
-294 95 226
-292 92 226
-292 92 226
-289 92 225
-289 92 226
-292 92 226
-295 92 225
-295 92 225
-292 90 225
-292 93 223
-292 93 223
-293 89 226
-294 92 228
-294 92 228
-293 90 226
-293 90 226
-295 92 227
-295 91 227
-295 91 227
-294 91 225
-294 92 227
-294 92 227
-293 91 225
-293 91 225
-294 91 227
-295 94 225
-295 94 225
-292 90 225
-291 95 225
-291 95 225
-291 91 226
-291 91 226
-292 91 225
-294 91 227
-294 91 227
-292 92 225
-294 94 223
-294 94 223
-290 90 226
-292 94 225
-292 94 225
-292 90 228
-292 90 228
-292 90 227
-293 92 223
-293 92 223
-294 90 224
-293 88 227
-293 88 227
-293 91 226
-293 91 226
-294 89 226
-295 90 226
-295 90 226
-295 90 225
-296 91 226
-296 91 226
-292 89 227
-292 89 227
-296 89 224
-291 93 224
-291 93 224
-292 90 226
-294 91 227
-294 91 227
-290 91 227
-290 91 227
-290 91 226
-294 94 226
-294 94 226
-291 90 225
-294 90 228
-294 90 228
-295 92 224
-293 93 224
-293 93 224
-293 92 226
-293 92 226
-291 91 226
-293 90 227
-293 90 227
-291 92 227
-295 90 225
-295 90 225
-295 91 226
-295 91 226
-293 90 225
-294 91 227
-294 91 227
-294 88 225
-296 93 224
-296 93 224
-293 91 228
-293 91 228
-293 91 226
-291 93 225
-291 93 225
-292 91 225
-290 90 228
-290 90 228
-291 91 224
-291 91 224
-291 91 224
-293 91 224
-293 91 224
-293 91 224
-293 90 224
-293 90 224
-294 95 227
-290 92 225
-290 92 225
-292 93 226
-292 93 226
-291 92 227
-294 92 224
-294 92 224
-292 92 224
-293 91 225
-293 91 225
-297 92 226
-297 92 226
-292 91 228
-294 91 225
-294 91 225
-291 91 224
-293 92 226
-293 92 226
-295 90 225
-295 90 225
-293 93 226
-293 92 226
-293 92 226
-294 89 226
-296 92 225
-296 92 225
-292 90 226
-291 93 224
-291 93 224
-291 92 225
-291 92 225
-292 90 225
-289 93 226
-289 93 226
-292 93 228
-293 93 225
-293 93 225
-296 93 225
-296 93 225
-294 90 226
-293 93 227
-293 93 227
-292 89 226
-292 92 227
-292 92 227
-296 91 225
-296 91 225
-294 89 226
-292 92 227
-292 92 227
-295 91 225
-293 90 225
-293 90 225
-294 90 226
-294 90 226
-295 91 225
-293 92 226
-293 92 226
-292 90 226
-294 90 226
-294 90 226
-295 91 224
-292 90 225
-292 90 225
-294 93 223
-294 93 223
-294 92 226
-293 89 225
-293 89 225
-292 92 225
-293 92 225
-293 92 225
-292 91 226
-292 91 226
-293 91 227
-292 91 228
-292 91 228
-296 94 224
-293 90 226
-293 90 226
-294 90 226
-294 90 226
-293 91 223
-297 90 227
-297 90 227
-294 91 226
-296 90 226
-296 90 226
-291 90 224
-291 93 227
-293 93 227
-294 91 225
-294 91 225
-291 91 225
-294 90 225
-294 90 225
-295 90 224
-293 90 224
-293 90 224
-292 90 225
-292 90 225
-293 91 224
-293 90 226
-293 90 226
-293 93 222
-290 94 224
-290 94 224
-294 88 223
-294 88 223
-291 92 228
-295 89 226
-295 89 226
-292 91 225
-293 89 224
-293 89 224
-294 93 225
-294 93 225
-294 90 224
-294 90 223
-294 90 223
-293 92 226
-295 90 227
-295 90 227
-297 91 228
-295 90 226
-295 90 226
-292 91 225
-292 91 225
-291 91 228
-295 90 225
-295 90 225
-295 89 226
-291 91 224
-291 91 224
-289 92 223
-289 92 223
-293 91 223
-293 90 226
-293 90 226
-293 92 226
-292 91 222
-292 91 222
-291 92 225
-291 92 225
-293 92 223
-292 93 222
-292 93 222
-294 93 226
-293 91 222
-293 91 222
-295 91 224
-295 91 224
-293 92 224
-294 91 226
-294 91 226
-294 92 227
-294 90 225
-294 90 225
-290 89 225
-296 91 225
-296 91 225
-295 90 226
-295 90 226
-292 91 225
-292 91 224
-292 91 224
-293 93 224
-293 92 227
-293 92 227
-291 91 224
-291 91 224
-293 91 225
-291 93 224
-291 93 224
-293 92 226
-295 91 223
-295 91 223
-293 91 223
-293 91 223
-293 89 222
-291 94 224
-291 94 224
-291 92 225
-293 91 225
-293 91 225
-294 92 226
-294 92 226
-294 92 226
-294 90 227
-294 90 227
-293 90 226
-291 95 224
-291 95 224
-294 91 225
-292 91 228
-292 91 228
-289 93 224
-289 93 224
-292 91 224
-293 92 225
-293 92 225
-294 90 223
-294 91 227
-294 91 227
-293 89 226
-293 89 226
-292 92 227
-291 95 225
-291 95 225
-291 94 225
-294 92 225
-294 92 225
-290 94 223
-290 94 223
-291 93 223
-291 94 225
-291 94 225
-289 93 224
-291 95 224
-291 95 224
-290 95 224
-290 92 223
-290 92 223
-288 95 223
-288 95 223
-288 95 222
-289 94 221
-289 94 221
-285 96 219
-288 97 218
-288 97 218
-288 99 214
-288 99 214
-291 97 211
-293 99 207
-293 99 207
-297 101 200
-304 104 197
-304 104 197
-307 100 194
-307 100 194
-319 100 196
-326 103 194
-326 103 194
-334 103 198
-339 106 201
-339 106 201
-346 109 203
-346 109 203
-349 110 206
-352 112 211
-352 112 211
-352 113 214
-351 112 221
-351 112 221
-346 114 220
-350 117 223
-350 117 223
-349 114 226
-349 114 226
-348 116 227
-351 111 231
-351 111 231
-346 113 236
-338 111 242
-338 111 242
-332 108 244
-332 108 244
-325 106 241
-317 104 242
-317 104 242
-312 103 238
-307 102 238
-307 102 238
-305 100 238
-305 100 238
-303 99 234
-301 98 235
-301 98 235
-300 98 233
-293 97 232
-293 97 232
-297 96 229
-295 94 230
-295 94 230
-295 97 229
-295 97 229
-296 95 229
-297 96 226
-297 96 226
-295 93 229
-296 94 226
-296 94 226
-296 92 225
-296 92 225
-296 91 225
-294 93 226
-294 93 226
-296 93 225
-295 91 228
-295 91 228
-294 92 226
-294 92 226
-295 93 225
-295 90 226
-295 90 226
-296 91 226
-297 90 225
-297 90 225
-294 90 224
-294 90 224
-294 90 224
-295 91 227
-295 91 227
-293 90 225
-290 92 225
-290 92 225
-294 91 225
-293 94 227
-293 94 227
-293 93 226
-293 93 226
-290 91 224
-294 92 222
-294 92 222
-292 93 226
-291 91 226
-291 91 226
-295 91 222
-295 91 222
-294 92 224
-294 92 223
-294 92 223
-294 93 223
-293 89 222
-293 89 222
-292 91 226
-292 91 226
-293 91 228
-296 92 226
-296 92 226
-295 90 225
-295 89 223
-295 89 223
-297 91 226
-295 90 224
-295 90 224
-294 92 224
-294 92 224
-294 91 227
-296 91 222
-296 91 222
-292 91 224
-293 89 226
-293 89 226
-293 90 223
-293 90 223
-293 91 225
-293 93 222
-293 93 222
-293 92 223
-297 92 225
-297 92 225
-293 92 224
-293 92 224
-293 91 224
-295 92 221
-295 92 221
-295 89 224
-293 92 222
-293 92 222
-296 91 224
-296 91 224
-292 93 223
-297 91 223
-297 91 223
-297 90 224
-294 90 227
-294 90 227
-296 90 226
-296 90 222
-296 90 222
-290 89 223
-290 89 223
-294 92 225
-293 91 225
-293 91 225
-293 92 223
-294 91 223
-294 91 223
-294 91 226
-294 91 226
-294 91 224
-294 92 223
-294 92 223
-292 92 223
-295 93 225
-295 93 225
-293 92 223
-293 92 223
-291 91 222
-292 93 222
-292 93 222
-295 93 224
-293 91 225
-293 91 225
-293 94 222
-293 94 222
-294 90 223
-295 91 221
-295 91 221
-293 89 222
-294 89 224
-294 89 224
-297 90 223
-293 91 225
-293 91 225
-292 89 226
-292 89 226
-295 88 225
-293 88 223
-293 88 223
-293 91 225
-296 91 221
-296 91 221
-296 93 222
-296 93 222
-295 91 223
-291 91 224
-291 91 224
-294 91 223
-294 92 225
-294 92 225
-296 92 220
-296 92 220
-293 93 223
-295 93 223
-295 93 223
-293 91 224
-294 90 223
-294 90 223
-293 91 223
-293 91 223
-295 91 223
-296 90 224
-296 90 224
-294 91 224
-296 92 220
-296 92 220
-295 91 225
-293 86 221
-293 86 221
-295 90 224
-295 90 224
-292 91 221
-293 91 225
-293 91 225
-295 90 224
-292 90 221
-292 90 221
-293 91 225
-293 91 225
-292 91 224
-295 90 222
-295 90 222
-292 92 224
-294 90 223
-294 90 223
-292 92 221
-292 92 221
-293 93 221
-295 91 224
-295 91 224
-294 91 225
-293 94 224
-293 94 224
-294 90 223
-295 91 225
-295 91 225
-293 90 225
-293 90 225
-295 92 222
-294 90 224
-294 90 224
-294 93 224
-297 89 226
-297 89 226
-296 89 224
-296 89 224
-293 91 223
-297 90 223
-297 90 223
-295 89 223
-292 89 224
-292 89 224
-294 90 225
-294 90 225
-296 89 223
-295 90 225
-295 90 225
-293 89 220
-291 95 222
-291 95 222
-293 91 224
-293 91 224
-290 90 225
-293 95 221
-293 95 221
-292 91 221
-294 93 222
-294 93 222
-292 92 223
-292 92 223
-292 92 223
-294 90 224
-294 90 224
-295 94 222
-293 91 222
-293 91 222
-296 90 225
-295 92 224
-295 92 224
-298 92 224
-298 92 224
-296 91 224
-293 88 226
-293 88 226
-293 90 225
-294 90 223
-294 90 223
-295 88 226
-295 88 226
-293 91 222
-295 92 224
-295 92 224
-294 90 224
-294 92 222
-294 92 222
-291 92 222
-291 92 222
-292 90 222
-291 94 225
-291 94 225
-293 91 225
-294 91 225
-294 91 225
-293 92 225
-294 91 222
-294 91 222
-292 92 224
-292 92 224
-296 91 224
-294 92 224
-294 92 224
-293 89 224
-293 90 222
-293 90 222
-293 90 224
-293 90 224
-296 90 224
-294 89 223
-294 89 223
-293 89 224
-295 89 224
-295 89 224
-295 92 226
-295 92 226
-294 89 222
-293 91 224
-293 91 224
-293 90 225
-294 93 225
-294 93 225
-296 91 224
-294 93 225
-294 93 225
-296 92 224
-296 92 224
-294 90 225
-294 92 223
-294 92 223
-294 92 223
-291 94 222
-291 94 222
-295 93 222
-295 93 222
-295 92 223
-294 91 220
-294 91 220
-295 92 222
-294 92 225
-294 92 225
-297 90 224
-297 90 224
-297 92 225
-292 92 222
-292 92 222
-294 89 224
-299 88 222
-299 88 222
-295 90 220
-295 90 220
-292 89 221
-291 91 221
-291 91 221
-294 91 222
-294 89 223
-294 89 223
-292 90 225
-291 91 222
-291 91 222
-292 90 223
-292 90 223
-296 91 224
-295 92 222
-295 92 222
-295 93 226
-293 89 221
-293 89 221
-294 91 224
-294 91 224
-291 90 222
-292 93 224
-292 93 224
-294 91 222
-291 90 222
-291 90 222
-293 92 228
-293 92 228
-295 92 226
-296 93 223
-296 93 223
-294 91 224
-297 89 223
-297 89 223
-297 89 223
-297 89 223
-296 88 224
-297 89 224
-297 89 224
-293 90 224
-296 91 226
-296 91 226
-295 91 224
-296 91 226
-296 91 226
-295 91 221
-295 91 221
-295 92 222
-294 93 223
-294 93 223
-294 92 220
-293 91 222
-293 91 222
-295 90 222
-295 90 222
-296 93 222
-294 91 225
-294 91 225
-296 92 223
-296 92 223
-296 92 223
-292 92 221
-292 92 221
-297 91 223
-299 93 223
-299 93 223
-295 90 225
-296 90 221
-296 90 221
-295 90 225
-296 91 225
-296 91 225
-294 90 224
-294 90 224
-297 91 223
-295 91 225
-295 91 225
-293 91 223
-294 90 225
-294 90 225
-296 90 223
-296 90 223
-294 91 223
-295 93 224
-295 93 224
-296 93 222
-293 92 226
-293 92 226
-296 92 220
-296 92 220
-293 92 222
-294 91 221
-294 91 221
-296 92 223
-296 91 224
-296 91 224
-296 92 221
-296 92 221
-296 91 224
-294 91 226
-294 91 226
-295 92 226
-295 90 224
-295 90 224
-293 92 223
-296 94 225
-296 94 225
-298 92 221
-298 92 221
-295 91 220
-294 92 221
-294 92 221
-298 92 223
-293 93 223
-293 93 223
-295 95 224
-295 95 224
-293 96 221
-293 95 222
-293 95 222
-295 97 224
-294 97 222
-294 97 222
-295 101 220
-295 101 220
-297 102 223
-294 99 223
-294 99 223
-294 102 222
-299 106 223
-299 106 223
-297 106 224
-297 109 224
-299 109 224
-301 106 224
-301 106 224
-302 108 225
-301 108 223
-301 108 223
-302 110 223
-302 112 221
-302 112 221
-297 110 223
-297 110 223
-299 114 222
-298 115 223
-298 115 223
-298 119 224
-298 117 225
-298 117 225
-301 116 228
-301 116 228
-306 115 226
-308 116 227
-308 116 227
-310 116 226
-311 114 227
-311 114 227
-311 113 225
-311 110 220
-313 110 220
-312 110 222
-312 110 222
-311 107 220
-312 106 217
-312 106 217
-308 102 216
-308 102 218
-308 102 218
-304 99 218
-304 99 218
-301 99 217
-301 97 217
-301 97 217
-301 95 219
-300 95 217
-300 95 217
-300 95 221
-300 95 221
-297 97 219
-296 92 219
-296 92 219
-297 92 220
-295 93 219
-295 93 219
-295 93 223
-295 93 223
-295 95 221
-297 94 219
-297 94 219
-295 93 221
-297 91 222
-297 91 222
-295 95 224
-292 95 221
-292 95 221
-292 93 223
-292 93 223
-295 92 221
-294 90 221
-294 90 221
-292 92 221
-292 92 224
-292 92 224
-293 90 221
-293 90 221
-296 95 220
-296 90 221
-296 90 221
-296 91 221
-296 94 222
-296 94 222
-295 90 224
-295 90 224
-295 88 224
-295 90 221
-295 90 221
-295 90 223
-295 90 222
-295 90 222
-296 91 223
-296 91 223
-296 91 223
-296 92 225
-296 92 225
-294 90 222
-295 90 222
-295 90 222
-293 93 227
-294 92 223
-294 92 223
-295 93 222
-295 93 222
-293 89 220
-291 92 221
-291 92 221
-293 93 222
-293 91 221
-293 91 221
-294 93 221
-294 93 221
-293 90 223
-296 92 224
-296 92 224
-294 90 220
-294 91 224
-294 91 224
-293 89 224
-293 89 224
-295 89 224
-293 87 223
-293 87 223
-297 90 222
-295 90 224
-295 90 224
-296 90 224
-294 92 222
-294 92 222
-295 89 225
-295 89 225
-294 92 222
-295 92 222
-295 92 222
-295 91 221
-294 89 221
-294 89 221
-295 91 222
-295 91 222
-292 93 220
-291 92 222
-291 92 222
-291 92 226
-293 91 222
-293 91 222
-295 92 223
-295 92 223
-294 92 221
-296 92 224
-296 92 224
-296 91 224
-294 90 221
-294 90 221
-300 89 224
-300 89 224
-295 90 223
-295 90 224
-295 90 224
-297 91 221
-296 92 223
-296 92 223
-293 90 222
-295 90 224
-295 90 224
-293 91 221
-293 91 221
-296 90 221
-294 93 220
-294 93 220
-294 93 221
-292 90 222
-292 90 222
-292 91 223
-292 91 223
-294 91 224
-294 92 222
-294 92 222
-293 94 224
-293 94 221
-293 94 221
-292 89 221
-292 89 221
-294 91 224
-294 92 221
-294 92 221
-294 90 224
-295 94 221
-295 94 221
-295 92 222
-295 92 222
-296 89 223
-294 89 222
-294 89 222
-294 89 222
-295 92 222
-295 92 222
-294 91 221
-294 88 223
-294 88 223
-294 93 216
-294 93 216
-295 93 222
-294 92 224
-294 92 224
-297 90 222
-292 89 221
-292 89 221
-295 90 224
-295 90 224
-294 91 221
-295 91 223
-295 91 223
-294 92 223
-297 92 221
-297 92 221
-295 90 224
-295 90 224
-293 90 221
-292 93 222
-292 93 222
-292 92 221
-292 90 222
-292 90 222
-294 87 222
-294 87 222
-294 87 222
-296 89 222
-296 89 222
-295 92 220
-294 90 224
-294 90 224
-297 89 225
-293 91 222
-293 91 222
-295 93 222
-295 93 222
-294 89 223
-296 91 224
-296 91 224
-292 91 222
-294 94 226
-294 94 226
-293 89 224
-293 89 224
-293 92 224
-296 93 224
-296 93 224
-297 92 224
-291 91 223
-291 91 223
-292 92 221
-292 92 221
-292 91 221
-295 91 223
-295 91 223
-293 91 222
-294 90 222
-294 90 222
-296 90 219
-295 91 224
-295 91 224
-294 90 223
-294 90 223
-296 90 220
-296 92 222
-296 92 222
-296 88 221
-295 89 221
-295 89 221
-293 89 224
-293 89 224
-299 90 222
-296 89 222
-296 89 222
-295 92 221
-295 92 220
-295 92 220
-291 90 222
-291 90 222
-298 89 220
-296 91 220
-296 91 220
-293 91 222
-293 89 221
-293 89 221
-294 92 223
-294 92 223
-294 91 224
-294 90 222
-294 90 222
-296 91 224
-294 90 220
-294 90 220
-294 92 221
-294 93 221
-294 93 221
-296 92 221
-296 92 221
-294 89 221
-294 92 221
-294 92 221
-294 89 223
-294 91 223
-294 91 223
-294 91 222
-294 91 222
-294 92 221
-296 88 223
-296 88 223
-295 91 223
-296 88 223
-296 88 223
-294 89 220
-294 89 220
-294 90 221
-296 90 219
-296 90 219
-290 90 221
-293 95 223
-293 95 223
-295 92 221
-295 92 221
-294 93 223
-294 91 220
-294 91 220
-293 91 221
-295 90 220
-295 90 220
-294 90 222
-295 90 223
-295 90 223
-293 90 223
-293 90 223
-294 90 223
-297 89 223
-297 89 223
-297 90 221
-299 91 225
-299 91 225
-295 90 220
-295 90 220
-293 90 223
-297 90 221
-297 90 221
-294 90 219
-295 89 220
-295 89 220
-295 90 224
-295 90 224
-296 91 222
-292 92 221
-292 92 221
-293 90 219
-296 90 223
-296 90 223
-294 94 219
-294 90 222
-294 90 222
-292 88 222
-292 88 222
-294 93 222
-295 91 225
-295 91 225
-294 90 225
-294 93 223
-294 93 223
-295 92 222
-295 92 222
-293 91 223
-296 88 220
-296 88 220
-299 90 222
-296 91 223
-296 91 223
-293 91 224
-293 91 224
-294 88 221
-298 91 223
-298 91 223
-294 91 220
-295 91 225
-295 91 225
-295 91 221
-295 91 221
-295 90 222
-293 90 221
-293 90 221
-294 90 220
-293 91 219
-293 91 219
-295 90 223
-295 92 221
-295 92 221
-292 93 220
-292 93 220
-294 92 221
-295 93 221
-295 93 221
-294 92 224
-295 92 222
-295 92 222
-294 88 222
-294 88 222
-297 92 222
-295 90 221
-295 90 221
-295 89 222
-294 93 224
-294 93 224
-295 89 221
-295 89 221
-297 91 222
-294 90 224
-294 90 224
-297 89 222
-296 90 221
-296 90 221
-297 89 221
-297 89 221
-294 91 221
-296 91 219
-296 91 219
-296 92 221
-295 89 224
-295 89 224
-294 91 220
-294 91 221
-294 91 221
-294 93 221
-294 93 221
-296 90 221
-295 93 219
-295 93 219
-294 92 218
-296 92 222
-296 92 222
-296 93 219
-296 93 219
-299 91 222
-296 90 222
-296 90 222
-295 89 220
-296 90 220
-296 90 220
-296 90 223
-296 90 223
-296 89 221
-299 90 222
-299 90 222
-296 90 224
-293 91 223
-293 91 223
-295 90 223
-295 90 221
-295 90 221
-295 90 223
-295 90 223
-296 90 223
-291 91 220
-291 91 220
-291 92 221
-292 89 222
-292 89 222
-293 91 220
-293 91 220
-293 92 221
-294 92 224
-294 92 224
-291 91 221
-296 93 221
-296 93 221
-292 90 220
-292 90 220
-296 91 221
-292 89 222
-292 89 222
-295 90 222
-296 92 221
-296 92 221
-296 92 223
-296 92 223
-295 93 221
-294 90 223
-294 90 223
-296 90 221
-296 91 220
-296 91 220
-296 89 222
-296 90 220
-296 90 220
-296 89 224
-296 89 224
-295 90 221
-295 92 222
-295 92 222
-294 92 222
-294 92 221
-294 92 221
-293 91 222
-293 91 222
-293 92 221
-293 91 219
-293 91 219
-294 92 218
-294 94 221
-294 94 221
-295 94 222
-295 94 222
-297 90 220
-295 89 224
-295 89 224
-295 91 224
-293 93 222
-293 93 222
-297 90 223
-297 90 223
-297 91 220
-299 93 221
-299 93 221
-297 90 221
-296 93 223
-296 93 223
-298 94 220
-292 94 223
-292 94 223
-295 92 222
-295 92 222
-292 93 222
-294 94 220
-294 94 220
-294 93 222
-295 92 221
-295 92 221
-293 94 221
-293 94 221
-295 96 219
-297 95 219
-297 95 219
-296 98 217
-297 99 219
-297 99 219
-292 101 220
-292 101 220
-294 102 219
-295 99 220
-295 99 220
-292 102 223
-295 103 222
-295 103 222
-292 104 222
-296 105 225
-296 105 225
-299 108 221
-299 108 221
-300 110 220
-302 109 220
-302 109 220
-304 112 221
-302 115 218
-302 115 218
-300 116 218
-300 116 218
-299 115 221
-299 118 222
-299 118 222
-300 118 224
-298 120 225
-298 120 225
-302 118 222
-302 118 222
-302 116 226
-308 120 226
-308 120 226
-313 121 224
-314 114 226
-314 114 226
-315 116 226
-317 111 225
-317 111 225
-318 110 220
-318 110 220
-316 107 219
-315 106 215
-315 106 215
-312 103 214
-308 102 211
-308 102 211
-309 102 214
-309 102 214
-306 97 214
-303 96 219
-303 96 219
-300 97 215
-302 96 217
-302 96 217
-299 95 216
-299 95 216
-300 92 218
-298 92 217
-298 92 217
-296 91 220
-297 95 218
-297 95 218
-295 91 220
-295 91 220
-295 92 218
-296 94 221
-296 94 221
-297 91 219
-296 94 221
-296 94 221
-297 92 220
-292 93 221
-292 93 221
-295 94 218
-295 94 218
-292 91 220
-293 92 222
-293 92 222
-295 94 222
-294 91 221
-294 91 221
-298 88 221
-298 88 221
-294 89 220
-298 93 221
-298 93 221
-295 91 222
-297 90 221
-297 90 221
-294 90 222
-294 90 222
-296 91 222
-294 92 221
-294 92 221
-294 91 218
-292 91 221
-292 91 221
-295 93 220
-295 89 223
-293 89 223
-295 93 220
-295 93 220
-293 92 220
-296 93 222
-296 93 222
-297 93 219
-297 92 222
-297 92 222
-294 91 218
-294 91 218
-294 91 223
-292 91 220
-292 91 220
-294 90 221
-295 92 222
-295 92 222
-295 89 221
-295 89 221
-296 92 223
-297 91 221
-297 91 221
-294 89 223
-297 92 221
-297 92 221
-296 89 222
-296 89 222
-296 90 221
-299 90 222
-299 90 222
-294 92 223
-297 90 220
-297 90 220
-293 89 224
-293 92 223
-293 92 223
-295 91 221
-295 91 221
-293 91 220
-296 93 222
-296 93 222
-297 90 223
-293 92 219
-293 92 219
-294 89 220
-294 89 220
-296 93 221
-295 91 222
-295 91 222
-296 90 223
-294 88 222
-294 88 222
-296 87 222
-296 87 222
-294 91 221
-296 88 219
-296 88 219
-297 89 222
-295 88 221
-295 88 221
-295 91 224
-295 91 224
-295 90 220
-295 89 222
-295 89 222
-295 90 222
-297 90 223
-297 90 223
-294 91 221
-295 92 219
-295 92 219
-294 91 224
-294 91 224
-294 89 221
-293 89 219
-293 89 219
-294 87 221
-293 93 221
-293 93 221
-297 93 222
-297 93 222
-294 91 220
-296 91 223
-296 91 223
-297 93 220
-293 91 220
-293 91 220
-296 90 221
-296 90 221
-295 89 222
-296 87 221
-296 87 221
-295 88 223
-295 90 221
-295 90 221
-292 89 220
-292 87 221
-296 87 221
-295 93 222
-295 93 222
-293 88 221
-294 89 220
-294 89 220
-295 89 221
-294 91 220
-294 91 220
-297 88 223
-297 88 223
-297 92 224
-294 93 220
-294 93 220
-293 93 222
-293 93 220
-293 93 220
-295 92 221
-295 92 221
-295 92 223
-295 88 220
-295 88 220
-294 92 220
-295 90 224
-295 90 224
-297 88 222
-297 88 222
-296 90 221
-292 90 225
-292 90 225
-296 87 223
-296 88 222
-296 88 222
-291 91 221
-294 90 222
-294 90 222
-293 89 219
-293 89 219
-294 91 221
-293 93 222
-293 93 222
-295 90 221
-295 92 220
-295 92 220
-292 90 221
-292 90 221
-295 92 221
-294 91 223
-294 91 223
-294 92 221
-295 90 221
-295 90 221
-296 91 222
-296 91 222
-294 90 220
-294 90 223
-294 90 223
-297 93 221
-297 88 223
-297 88 223
-296 92 223
-296 92 223
-294 89 224
-292 89 221
-292 89 221
-294 89 220
-296 90 224
-296 90 224
-296 89 224
-292 90 223
-292 90 223
-298 90 221
-298 90 221
-296 89 220
-294 91 223
-294 91 223
-294 91 222
-294 91 224
-294 91 224
-293 92 223
-293 92 223
-295 93 220
-294 90 222
-294 90 222
-295 91 222
-295 92 220
-295 92 220
-291 90 223
-291 90 223
-292 91 223
-295 90 222
-295 90 222
-294 91 221
-294 94 222
-294 94 222
-295 91 219
-298 93 222
-298 93 222
-295 91 221
-295 91 221
-296 89 222
-292 92 222
-292 92 222
-295 89 220
-294 90 221
-294 90 221
-294 91 222
-294 91 222
-293 91 223
-295 90 224
-295 90 224
-293 92 219
-295 92 221
-295 92 221
-294 89 220
-294 89 220
-294 93 224
-293 90 219
-293 90 219
-294 94 220
-293 89 224
-293 89 224
-295 94 225
-295 94 225
-294 92 222
-295 90 223
-295 90 223
-295 91 222
-296 91 223
-296 91 223
-296 89 222
-294 90 223
-294 90 223
-295 91 223
-295 91 223
-295 90 220
-296 90 223
-296 90 223
-294 90 220
-298 89 221
-298 89 221
-293 92 220
-293 92 220
-295 91 221
-294 89 226
-294 89 226
-295 90 222
-293 92 222
-293 92 222
-295 92 223
-295 92 223
-296 92 222
-293 93 222
-293 93 222
-294 91 224
-295 90 221
-295 90 221
-294 90 219
-294 90 219
-294 90 219
-293 93 220
-293 93 220
-295 89 221
-296 92 222
-296 92 222
-293 90 222
-296 91 221
-296 91 221
-296 91 222
-296 91 222
-298 88 222
-298 89 223
-298 89 223
-298 92 223
-295 93 221
-295 93 221
-295 91 224
-295 91 224
-294 88 220
-296 92 221
-296 92 221
-296 89 222
-296 92 222
-296 92 222
-297 91 221
-297 91 221
-295 88 222
-294 92 222
-294 92 222
-293 91 221
-293 93 221
-293 93 221
-291 93 220
-297 92 221
-297 92 221
-295 92 222
-295 92 222
-292 90 221
-293 92 222
-293 92 222
-296 94 220
-294 90 223
-294 90 223
-292 89 220
-292 89 220
-296 92 220
-294 89 222
-294 89 222
-296 88 223
-296 91 223
-296 91 223
-296 91 221
-296 91 221
-293 91 220
-296 91 224
-296 91 224
-295 89 224
-296 91 223
-296 91 223
-293 91 221
-293 91 221
-295 91 220
-293 92 221
-293 92 221
-295 90 222
-295 91 221
-295 91 221
-295 90 222
-294 88 219
-294 88 219
-295 91 222
-295 91 222
-292 92 221
-292 90 222
-292 90 222
-294 90 222
-296 90 222
-296 90 222
-295 88 222
-295 88 222
-297 92 222
-296 90 220
-296 90 220
-294 92 221
-296 90 221
-296 90 221
-296 88 223
-296 88 223
-295 92 224
-294 90 223
-294 90 223
-293 89 223
-297 90 221
-297 90 221
-297 92 220
-297 92 220
-297 92 220
-295 90 221
-295 90 221
-294 93 219
-294 93 222
-294 93 222
-296 93 222
-294 91 223
-294 91 223
-295 92 221
-295 92 221
-298 91 221
-296 94 223
-296 94 223
-293 93 222
-296 89 220
-296 89 220
-296 92 222
-296 92 222
-296 96 223
-295 92 222
-295 92 222
-296 92 223
-299 94 222
-299 94 222
-299 92 223
-299 92 223
-296 94 223
-297 94 224
-297 94 224
-298 94 221
-298 97 220
-298 97 220
-295 97 218
-297 97 220
-297 97 220
-296 101 219
-296 101 219
-291 100 219
-292 102 220
-292 102 220
-293 105 222
-296 108 224
-296 108 224
-298 110 224
-298 110 224
-302 115 225
-304 114 222
-304 114 222
-305 114 221
-303 117 219
-303 117 219
-300 115 221
-300 115 221
-301 119 222
-300 122 225
-300 122 225
-304 123 225
-306 123 230
-306 123 230
-314 119 230
-316 118 226
-316 118 226
-317 114 225
-317 114 225
-319 114 222
-320 109 219
-320 109 219
-317 108 219
-314 105 217
-314 105 217
-307 100 217
-307 100 217
-305 102 216
-300 101 215
-300 101 215
-301 99 216
-299 97 216
-299 97 216
-300 98 215
-300 98 215
-298 96 218
-294 95 218
-294 95 218
-298 96 219
-297 96 222
-297 96 222
-296 92 219
-296 92 219
-296 92 219
-294 93 219
-294 93 219
-293 92 221
-298 88 218
-298 88 218
-295 89 224
-294 92 220
-294 92 220
-297 91 220
-297 91 220
-293 91 220
-294 90 225
-294 90 225
-295 90 221
-295 90 222
-295 90 222
-296 90 224
-296 90 224
-295 90 222
-295 94 222
-295 94 222
-293 92 223
-294 92 221
-294 92 221
-295 94 222
-295 94 222
-292 91 222
-293 91 222
-293 91 222
-294 91 221
-297 88 221
-297 88 221
-296 92 221
-294 93 221
-294 93 221
-296 91 220
-296 91 220
-296 90 224
-294 88 222
-294 88 222
-294 88 221
-295 90 222
-295 90 222
-296 91 222
-296 91 222
-297 91 224
-295 90 223
-295 90 223
-296 90 223
-294 91 221
-294 91 221
-296 93 221
-296 93 221
-295 90 223
-297 90 221
-297 90 221
-294 95 222
-295 93 221
-295 93 221
-293 92 219
-293 92 219
-293 92 219
-293 93 222
-293 93 222
-294 94 221
-295 91 221
-295 91 221
-296 91 220
-296 94 223
-296 94 223
-296 90 224
-296 90 224
-294 91 222
-296 89 220
-296 89 220
-295 90 222
-294 90 222
-294 90 222
-295 92 225
-295 92 225
-294 92 223
-293 90 220
-293 90 220
-300 91 222
-297 88 223
-297 88 223
-295 91 220
-295 91 220
-292 92 221
-292 92 220
-292 92 220
-294 92 221
-293 91 222
-293 91 222
-295 90 221
-293 91 225
-293 91 225
-294 92 221
-294 92 221
-293 92 221
-294 94 222
-294 94 222
-294 92 222
-294 91 222
-294 91 222
-294 88 222
-294 88 222
-295 88 222
-297 91 220
-297 91 220
-298 94 222
-297 91 221
-297 91 221
-295 92 219
-295 92 219
-292 89 223
-296 90 220
-296 90 220
-294 89 222
-295 91 219
-295 91 219
-294 91 221
-294 91 221
-294 91 221
-294 89 221
-294 89 221
-297 90 222
-293 90 222
-293 90 222
-295 91 222
-294 92 223
-294 92 223
-294 91 221
-294 91 221
-292 92 222
-294 90 219
-294 90 219
-297 93 222
-298 93 220
-298 93 220
-297 90 223
-297 90 223
-294 91 221
-295 91 224
-295 91 224
-296 90 221
-294 90 224
-294 90 224
-295 91 221
-295 91 221
-298 93 221
-295 90 224
-295 90 224
-294 90 225
-295 90 222
-295 90 222
-298 91 222
-294 89 223
-294 89 223
-296 90 222
-296 90 222
-293 93 219
-295 91 222
-295 91 222
-294 90 221
-296 92 222
-296 92 222
-293 91 217
-293 91 217
-293 91 222
-295 91 220
-295 91 220
-294 93 225
-294 91 222
-294 91 222
-296 90 221
-296 90 221
-293 91 221
-294 91 222
-294 91 222
-296 89 224
-297 90 222
-297 90 222
-297 91 223
-297 91 223
-296 88 220
-293 90 221
-293 90 221
-293 88 222
-295 91 220
-295 91 220
-296 90 222
-298 92 223
-298 92 223
-295 93 222
-295 93 222
-294 91 220
-293 91 219
-293 91 219
-295 94 223
-293 90 220
-293 90 220
-293 91 221
-293 91 221
-294 92 221
-294 93 225
-294 93 225
-295 92 218
-296 89 222
-296 89 222
-296 90 221
-296 90 221
-296 90 220
-295 92 222
-295 92 222
-297 91 224
-298 90 223
-298 90 223
-296 91 220
-297 89 222
-297 89 222
-297 89 222
-297 89 222
-297 88 221
-296 92 223
-296 92 223
-296 90 224
-296 91 219
-296 91 219
-296 89 222
-296 89 222
-296 91 222
-296 92 221
-296 92 221
-295 90 222
-294 91 223
-294 91 223
-294 90 223
-294 90 223
-294 92 224
-297 93 225
-297 93 225
-295 92 222
-291 92 220
-291 92 220
-296 89 224
-296 89 224
-295 92 222
-296 94 219
-296 94 219
-294 90 225
-299 93 222
-299 93 222
-296 92 223
-297 90 222
-297 90 222
-295 91 221
-295 91 221
-295 87 220
-293 90 221
-293 90 221
-294 92 222
-296 89 222
-296 89 222
-293 92 221
-293 92 221
-297 91 222
-296 89 220
-296 89 220
-295 91 223
-292 93 222
-292 93 222
-294 89 218
-294 89 218
-295 93 220
-296 91 223
-296 91 223
-293 92 221
-296 92 219
-296 92 219
-293 95 220
-293 95 220
-293 95 220
-296 92 221
-296 92 221
-297 90 223
-297 88 221
-297 88 221
-296 91 224
-294 88 221
-294 88 221
-295 89 222
-295 89 222
-296 92 222
-294 91 221
-294 91 221
-296 90 224
-298 89 220
-298 89 220
-298 90 224
-298 90 224
-295 92 221
-291 90 223
-291 90 223
-293 94 225
-292 92 222
-292 92 222
-293 94 222
-293 94 222
-289 89 222
-295 91 222
-295 91 222
-295 94 221
-294 91 220
-294 91 220
-295 92 221
-292 92 224
-292 92 224
-296 91 222
-296 91 222
-298 92 220
-297 92 224
-297 92 224
-295 93 222
-297 92 222
-297 92 222
-298 90 219
-298 90 219
-297 90 221
-297 91 223
-297 91 223
-297 91 223
-297 89 223
-297 89 223
-298 88 223
-298 88 223
-296 89 221
-292 91 222
-292 91 222
-297 93 221
-296 89 220
-296 89 220
-293 92 223
-293 92 223
-293 92 221
-295 92 222
-295 92 222
-293 92 226
-296 92 223
-296 92 223
-294 91 222
-293 93 221
-293 93 221
-301 92 222
-301 92 222
-297 91 222
-295 89 220
-295 89 220
-297 90 222
-296 92 222
-296 92 222
-297 91 220
-297 91 220
-296 91 221
-295 90 222
-295 90 222
-294 89 223
-294 89 222
-294 89 222
-294 91 221
-294 91 221
-294 95 220
-296 90 222
-296 90 222
-291 89 222
-295 90 222
-295 90 222
-292 89 220
-294 90 221
-294 90 221
-296 91 222
-296 91 222
-296 91 220
-295 93 222
-295 93 222
-290 90 225
-296 90 218
-296 90 218
-294 91 221
-294 91 221
-295 88 222
-296 91 222
-296 91 222
-297 92 222
-295 91 222
-295 91 222
-297 89 221
-297 89 221
-295 91 222
-293 90 223
-293 90 223
-298 91 224
-293 90 223
-293 90 223
-293 90 221
-293 90 221
-296 91 218
-296 91 223
-296 91 223
-293 91 222
-296 93 219
-296 93 219
-293 91 222
-293 91 221
-293 91 221
-294 92 222
-294 92 222
-295 91 220
-295 94 220
-295 94 220
-295 90 222
-293 91 220
-293 91 220
-295 90 221
-295 90 221
-295 92 223

