0.100000 4 9 2 7
0.100000 5 0 0 0
0.100000 6 0 0 0
0.100000 7 0 0 0
0.100000 8 0 0 0
0.100000 9 0 0 0
0.100000 10 0 0 0
0.100000 11 0 0 0
0.100000 12 0 0 0
0.100000 13 0 0 0
0.100000 14 0 0 0
0.099000 4 8 2 6
0.099000 5 0 0 0
0.099000 6 0 0 0
0.099000 7 0 0 0
0.099000 8 0 0 0
0.099000 9 0 0 0
0.099000 10 0 0 0
0.099000 11 0 0 0
0.099000 12 0 0 0
0.099000 13 0 0 0
0.099000 14 0 0 0
0.098000 4 8 2 6
0.098000 5 0 0 0
0.098000 6 0 0 0
0.098000 7 0 0 0
0.098000 8 0 0 0
0.098000 9 0 0 0
0.098000 10 0 0 0
0.098000 11 0 0 0
0.098000 12 0 0 0
0.098000 13 0 0 0
0.098000 14 0 0 0
0.097000 4 8 2 6
0.097000 5 0 0 0
0.097000 6 0 0 0
0.097000 7 0 0 0
0.097000 8 0 0 0
0.097000 9 0 0 0
0.097000 10 0 0 0
0.097000 11 0 0 0
0.097000 12 0 0 0
0.097000 13 0 0 0
0.097000 14 0 0 0
0.096000 4 8 2 6
0.096000 5 0 0 0
0.096000 6 0 0 0
0.096000 7 0 0 0
0.096000 8 0 0 0
0.096000 9 0 0 0
0.096000 10 0 0 0
0.096000 11 0 0 0
0.096000 12 0 0 0
0.096000 13 0 0 0
0.096000 14 0 0 0
0.095000 4 8 2 6
0.095000 5 0 0 0
0.095000 6 0 0 0
0.095000 7 0 0 0
0.095000 8 0 0 0
0.095000 9 0 0 0
0.095000 10 0 0 0
0.095000 11 0 0 0
0.095000 12 0 0 0
0.095000 13 0 0 0
0.095000 14 0 0 0
0.094000 4 8 2 6
0.094000 5 0 0 0
0.094000 6 0 0 0
0.094000 7 0 0 0
0.094000 8 0 0 0
0.094000 9 0 0 0
0.094000 10 0 0 0
0.094000 11 0 0 0
0.094000 12 0 0 0
0.094000 13 0 0 0
0.094000 14 0 0 0
0.093000 4 8 2 6
0.093000 5 0 0 0
0.093000 6 0 0 0
0.093000 7 0 0 0
0.093000 8 0 0 0
0.093000 9 0 0 0
0.093000 10 0 0 0
0.093000 11 0 0 0
0.093000 12 0 0 0
0.093000 13 0 0 0
0.093000 14 0 0 0
0.092000 4 8 2 6
0.092000 5 0 0 0
0.092000 6 0 0 0
0.092000 7 0 0 0
0.092000 8 0 0 0
0.092000 9 0 0 0
0.092000 10 0 0 0
0.092000 11 0 0 0
0.092000 12 0 0 0
0.092000 13 0 0 0
0.092000 14 0 0 0
0.091000 4 7 1 6
0.091000 5 0 0 0
0.091000 6 0 0 0
0.091000 7 0 0 0
0.091000 8 0 0 0
0.091000 9 0 0 0
0.091000 10 0 0 0
0.091000 11 0 0 0
0.091000 12 0 0 0
0.091000 13 0 0 0
0.091000 14 0 0 0
0.090000 4 7 0 7
0.090000 5 0 0 0
0.090000 6 0 0 0
0.090000 7 0 0 0
0.090000 8 0 0 0
0.090000 9 0 0 0
0.090000 10 0 0 0
0.090000 11 0 0 0
0.090000 12 0 0 0
0.090000 13 0 0 0
0.090000 14 0 0 0
0.089000 4 7 0 7
0.089000 5 0 0 0
0.089000 6 0 0 0
0.089000 7 0 0 0
0.089000 8 0 0 0
0.089000 9 0 0 0
0.089000 10 0 0 0
0.089000 11 0 0 0
0.089000 12 0 0 0
0.089000 13 0 0 0
0.089000 14 0 0 0
0.088000 4 7 0 7
0.088000 5 0 0 0
0.088000 6 0 0 0
0.088000 7 0 0 0
0.088000 8 0 0 0
0.088000 9 0 0 0
0.088000 10 0 0 0
0.088000 11 0 0 0
0.088000 12 0 0 0
0.088000 13 0 0 0
0.088000 14 0 0 0
0.087000 4 7 0 7
0.087000 5 0 0 0
0.087000 6 0 0 0
0.087000 7 0 0 0
0.087000 8 0 0 0
0.087000 9 0 0 0
0.087000 10 0 0 0
0.087000 11 0 0 0
0.087000 12 0 0 0
0.087000 13 0 0 0
0.087000 14 0 0 0
0.086000 4 7 0 7
0.086000 5 0 0 0
0.086000 6 0 0 0
0.086000 7 0 0 0
0.086000 8 0 0 0
0.086000 9 0 0 0
0.086000 10 0 0 0
0.086000 11 0 0 0
0.086000 12 0 0 0
0.086000 13 0 0 0
0.086000 14 0 0 0
0.085000 4 7 0 7
0.085000 5 0 0 0
0.085000 6 0 0 0
0.085000 7 0 0 0
0.085000 8 0 0 0
0.085000 9 0 0 0
0.085000 10 0 0 0
0.085000 11 0 0 0
0.085000 12 0 0 0
0.085000 13 0 0 0
0.085000 14 0 0 0
0.084000 4 7 0 7
0.084000 5 0 0 0
0.084000 6 0 0 0
0.084000 7 0 0 0
0.084000 8 0 0 0
0.084000 9 0 0 0
0.084000 10 0 0 0
0.084000 11 0 0 0
0.084000 12 0 0 0
0.084000 13 0 0 0
0.084000 14 0 0 0
0.083000 4 7 0 7
0.083000 5 0 0 0
0.083000 6 0 0 0
0.083000 7 0 0 0
0.083000 8 0 0 0
0.083000 9 0 0 0
0.083000 10 0 0 0
0.083000 11 0 0 0
0.083000 12 0 0 0
0.083000 13 0 0 0
0.083000 14 0 0 0
0.082000 4 7 0 7
0.082000 5 0 0 0
0.082000 6 0 0 0
0.082000 7 0 0 0
0.082000 8 0 0 0
0.082000 9 0 0 0
0.082000 10 0 0 0
0.082000 11 0 0 0
0.082000 12 0 0 0
0.082000 13 0 0 0
0.082000 14 0 0 0
0.081000 4 7 0 7
0.081000 5 0 0 0
0.081000 6 0 0 0
0.081000 7 0 0 0
0.081000 8 0 0 0
0.081000 9 0 0 0
0.081000 10 0 0 0
0.081000 11 0 0 0
0.081000 12 0 0 0
0.081000 13 0 0 0
0.081000 14 0 0 0
0.080000 4 7 0 7
0.080000 5 0 0 0
0.080000 6 0 0 0
0.080000 7 0 0 0
0.080000 8 0 0 0
0.080000 9 0 0 0
0.080000 10 0 0 0
0.080000 11 0 0 0
0.080000 12 0 0 0
0.080000 13 0 0 0
0.080000 14 0 0 0
0.079000 4 7 0 7
0.079000 5 0 0 0
0.079000 6 0 0 0
0.079000 7 0 0 0
0.079000 8 0 0 0
0.079000 9 0 0 0
0.079000 10 0 0 0
0.079000 11 0 0 0
0.079000 12 0 0 0
0.079000 13 0 0 0
0.079000 14 0 0 0
0.078000 4 7 0 7
0.078000 5 0 0 0
0.078000 6 0 0 0
0.078000 7 0 0 0
0.078000 8 0 0 0
0.078000 9 0 0 0
0.078000 10 0 0 0
0.078000 11 0 0 0
0.078000 12 0 0 0
0.078000 13 0 0 0
0.078000 14 0 0 0
0.077000 4 7 0 7
0.077000 5 0 0 0
0.077000 6 0 0 0
0.077000 7 0 0 0
0.077000 8 0 0 0
0.077000 9 0 0 0
0.077000 10 0 0 0
0.077000 11 0 0 0
0.077000 12 0 0 0
0.077000 13 0 0 0
0.077000 14 0 0 0
0.076000 4 7 0 7
0.076000 5 0 0 0
0.076000 6 0 0 0
0.076000 7 0 0 0
0.076000 8 0 0 0
0.076000 9 0 0 0
0.076000 10 0 0 0
0.076000 11 0 0 0
0.076000 12 0 0 0
0.076000 13 0 0 0
0.076000 14 0 0 0
0.075000 4 7 0 7
0.075000 5 0 0 0
0.075000 6 0 0 0
0.075000 7 0 0 0
0.075000 8 0 0 0
0.075000 9 0 0 0
0.075000 10 0 0 0
0.075000 11 0 0 0
0.075000 12 0 0 0
0.075000 13 0 0 0
0.075000 14 0 0 0
0.074000 4 7 0 7
0.074000 5 0 0 0
0.074000 6 0 0 0
0.074000 7 0 0 0
0.074000 8 0 0 0
0.074000 9 0 0 0
0.074000 10 0 0 0
0.074000 11 0 0 0
0.074000 12 0 0 0
0.074000 13 0 0 0
0.074000 14 0 0 0
0.073000 4 7 0 7
0.073000 5 0 0 0
0.073000 6 0 0 0
0.073000 7 0 0 0
0.073000 8 0 0 0
0.073000 9 0 0 0
0.073000 10 0 0 0
0.073000 11 0 0 0
0.073000 12 0 0 0
0.073000 13 0 0 0
0.073000 14 0 0 0
0.072000 4 7 0 7
0.072000 5 0 0 0
0.072000 6 0 0 0
0.072000 7 0 0 0
0.072000 8 0 0 0
0.072000 9 0 0 0
0.072000 10 0 0 0
0.072000 11 0 0 0
0.072000 12 0 0 0
0.072000 13 0 0 0
0.072000 14 0 0 0
0.071000 4 7 0 7
0.071000 5 0 0 0
0.071000 6 0 0 0
0.071000 7 0 0 0
0.071000 8 0 0 0
0.071000 9 0 0 0
0.071000 10 0 0 0
0.071000 11 0 0 0
0.071000 12 0 0 0
0.071000 13 0 0 0
0.071000 14 0 0 0
0.070000 4 7 0 7
0.070000 5 0 0 0
0.070000 6 0 0 0
0.070000 7 0 0 0
0.070000 8 0 0 0
0.070000 9 0 0 0
0.070000 10 0 0 0
0.070000 11 0 0 0
0.070000 12 0 0 0
0.070000 13 0 0 0
0.070000 14 0 0 0
0.069000 4 7 0 7
0.069000 5 0 0 0
0.069000 6 0 0 0
0.069000 7 0 0 0
0.069000 8 0 0 0
0.069000 9 0 0 0
0.069000 10 0 0 0
0.069000 11 0 0 0
0.069000 12 0 0 0
0.069000 13 0 0 0
0.069000 14 0 0 0
0.068000 4 7 0 7
0.068000 5 0 0 0
0.068000 6 0 0 0
0.068000 7 0 0 0
0.068000 8 0 0 0
0.068000 9 0 0 0
0.068000 10 0 0 0
0.068000 11 0 0 0
0.068000 12 0 0 0
0.068000 13 0 0 0
0.068000 14 0 0 0
0.067000 4 7 0 7
0.067000 5 0 0 0
0.067000 6 0 0 0
0.067000 7 0 0 0
0.067000 8 0 0 0
0.067000 9 0 0 0
0.067000 10 0 0 0
0.067000 11 0 0 0
0.067000 12 0 0 0
0.067000 13 0 0 0
0.067000 14 0 0 0
0.066000 4 7 0 7
0.066000 5 0 0 0
0.066000 6 0 0 0
0.066000 7 0 0 0
0.066000 8 0 0 0
0.066000 9 0 0 0
0.066000 10 0 0 0
0.066000 11 0 0 0
0.066000 12 0 0 0
0.066000 13 0 0 0
0.066000 14 0 0 0
0.065000 4 7 0 7
0.065000 5 0 0 0
0.065000 6 0 0 0
0.065000 7 0 0 0
0.065000 8 0 0 0
0.065000 9 0 0 0
0.065000 10 0 0 0
0.065000 11 0 0 0
0.065000 12 0 0 0
0.065000 13 0 0 0
0.065000 14 0 0 0
0.064000 4 7 0 7
0.064000 5 0 0 0
0.064000 6 0 0 0
0.064000 7 0 0 0
0.064000 8 0 0 0
0.064000 9 0 0 0
0.064000 10 0 0 0
0.064000 11 0 0 0
0.064000 12 0 0 0
0.064000 13 0 0 0
0.064000 14 0 0 0
0.063000 4 7 0 7
0.063000 5 0 0 0
0.063000 6 0 0 0
0.063000 7 0 0 0
0.063000 8 0 0 0
0.063000 9 0 0 0
0.063000 10 0 0 0
0.063000 11 0 0 0
0.063000 12 0 0 0
0.063000 13 0 0 0
0.063000 14 0 0 0
0.062000 4 7 0 7
0.062000 5 0 0 0
0.062000 6 0 0 0
0.062000 7 0 0 0
0.062000 8 0 0 0
0.062000 9 0 0 0
0.062000 10 0 0 0
0.062000 11 0 0 0
0.062000 12 0 0 0
0.062000 13 0 0 0
0.062000 14 0 0 0
0.061000 4 7 0 7
0.061000 5 0 0 0
0.061000 6 0 0 0
0.061000 7 0 0 0
0.061000 8 0 0 0
0.061000 9 0 0 0
0.061000 10 0 0 0
0.061000 11 0 0 0
0.061000 12 0 0 0
0.061000 13 0 0 0
0.061000 14 0 0 0
0.060000 4 7 0 7
0.060000 5 0 0 0
0.060000 6 0 0 0
0.060000 7 0 0 0
0.060000 8 0 0 0
0.060000 9 0 0 0
0.060000 10 0 0 0
0.060000 11 0 0 0
0.060000 12 0 0 0
0.060000 13 0 0 0
0.060000 14 0 0 0
0.059000 4 7 0 7
0.059000 5 0 0 0
0.059000 6 0 0 0
0.059000 7 0 0 0
0.059000 8 0 0 0
0.059000 9 0 0 0
0.059000 10 0 0 0
0.059000 11 0 0 0
0.059000 12 0 0 0
0.059000 13 0 0 0
0.059000 14 0 0 0
0.058000 4 7 0 7
0.058000 5 0 0 0
0.058000 6 0 0 0
0.058000 7 0 0 0
0.058000 8 0 0 0
0.058000 9 0 0 0
0.058000 10 0 0 0
0.058000 11 0 0 0
0.058000 12 0 0 0
0.058000 13 0 0 0
0.058000 14 0 0 0
0.057000 4 7 0 7
0.057000 5 0 0 0
0.057000 6 0 0 0
0.057000 7 0 0 0
0.057000 8 0 0 0
0.057000 9 0 0 0
0.057000 10 0 0 0
0.057000 11 0 0 0
0.057000 12 0 0 0
0.057000 13 0 0 0
0.057000 14 0 0 0
0.056000 4 7 0 7
0.056000 5 0 0 0
0.056000 6 0 0 0
0.056000 7 0 0 0
0.056000 8 0 0 0
0.056000 9 0 0 0
0.056000 10 0 0 0
0.056000 11 0 0 0
0.056000 12 0 0 0
0.056000 13 0 0 0
0.056000 14 0 0 0
0.055000 4 7 0 7
0.055000 5 0 0 0
0.055000 6 0 0 0
0.055000 7 0 0 0
0.055000 8 0 0 0
0.055000 9 0 0 0
0.055000 10 0 0 0
0.055000 11 0 0 0
0.055000 12 0 0 0
0.055000 13 0 0 0
0.055000 14 0 0 0
0.054000 4 7 0 7
0.054000 5 0 0 0
0.054000 6 0 0 0
0.054000 7 0 0 0
0.054000 8 0 0 0
0.054000 9 0 0 0
0.054000 10 0 0 0
0.054000 11 0 0 0
0.054000 12 0 0 0
0.054000 13 0 0 0
0.054000 14 0 0 0
0.053000 4 7 2 5
0.053000 5 0 0 0
0.053000 6 0 0 0
0.053000 7 0 0 0
0.053000 8 0 0 0
0.053000 9 0 0 0
0.053000 10 0 0 0
0.053000 11 0 0 0
0.053000 12 0 0 0
0.053000 13 0 0 0
0.053000 14 0 0 0
0.052000 4 7 2 5
0.052000 5 0 0 0
0.052000 6 0 0 0
0.052000 7 0 0 0
0.052000 8 0 0 0
0.052000 9 0 0 0
0.052000 10 0 0 0
0.052000 11 0 0 0
0.052000 12 0 0 0
0.052000 13 0 0 0
0.052000 14 0 0 0
0.051000 4 6 0 6
0.051000 5 0 0 0
0.051000 6 0 0 0
0.051000 7 0 0 0
0.051000 8 0 0 0
0.051000 9 0 0 0
0.051000 10 0 0 0
0.051000 11 0 0 0
0.051000 12 0 0 0
0.051000 13 0 0 0
0.051000 14 0 0 0
0.050000 4 6 0 6
0.050000 5 0 0 0
0.050000 6 0 0 0
0.050000 7 0 0 0
0.050000 8 0 0 0
0.050000 9 0 0 0
0.050000 10 0 0 0
0.050000 11 0 0 0
0.050000 12 0 0 0
0.050000 13 0 0 0
0.050000 14 0 0 0
0.049000 4 6 0 6
0.049000 5 0 0 0
0.049000 6 0 0 0
0.049000 7 0 0 0
0.049000 8 0 0 0
0.049000 9 0 0 0
0.049000 10 0 0 0
0.049000 11 0 0 0
0.049000 12 0 0 0
0.049000 13 0 0 0
0.049000 14 0 0 0
0.048000 4 6 0 6
0.048000 5 0 0 0
0.048000 6 0 0 0
0.048000 7 0 0 0
0.048000 8 0 0 0
0.048000 9 0 0 0
0.048000 10 0 0 0
0.048000 11 0 0 0
0.048000 12 0 0 0
0.048000 13 0 0 0
0.048000 14 0 0 0
0.047000 4 6 0 6
0.047000 5 0 0 0
0.047000 6 0 0 0
0.047000 7 0 0 0
0.047000 8 0 0 0
0.047000 9 0 0 0
0.047000 10 0 0 0
0.047000 11 0 0 0
0.047000 12 0 0 0
0.047000 13 0 0 0
0.047000 14 0 0 0
0.046000 4 7 1 6
0.046000 5 0 0 0
0.046000 6 0 0 0
0.046000 7 0 0 0
0.046000 8 0 0 0
0.046000 9 0 0 0
0.046000 10 0 0 0
0.046000 11 0 0 0
0.046000 12 0 0 0
0.046000 13 0 0 0
0.046000 14 0 0 0
0.045000 4 7 1 6
0.045000 5 0 0 0
0.045000 6 0 0 0
0.045000 7 0 0 0
0.045000 8 0 0 0
0.045000 9 0 0 0
0.045000 10 0 0 0
0.045000 11 0 0 0
0.045000 12 0 0 0
0.045000 13 0 0 0
0.045000 14 0 0 0
0.044000 4 6 1 5
0.044000 5 0 0 0
0.044000 6 0 0 0
0.044000 7 0 0 0
0.044000 8 0 0 0
0.044000 9 0 0 0
0.044000 10 0 0 0
0.044000 11 0 0 0
0.044000 12 0 0 0
0.044000 13 0 0 0
0.044000 14 0 0 0
0.043000 4 6 1 5
0.043000 5 0 0 0
0.043000 6 0 0 0
0.043000 7 0 0 0
0.043000 8 0 0 0
0.043000 9 0 0 0
0.043000 10 0 0 0
0.043000 11 0 0 0
0.043000 12 0 0 0
0.043000 13 0 0 0
0.043000 14 0 0 0
0.042000 4 6 1 5
0.042000 5 0 0 0
0.042000 6 0 0 0
0.042000 7 0 0 0
0.042000 8 0 0 0
0.042000 9 0 0 0
0.042000 10 0 0 0
0.042000 11 0 0 0
0.042000 12 0 0 0
0.042000 13 0 0 0
0.042000 14 0 0 0
0.041000 4 6 1 5
0.041000 5 0 0 0
0.041000 6 0 0 0
0.041000 7 0 0 0
0.041000 8 0 0 0
0.041000 9 0 0 0
0.041000 10 0 0 0
0.041000 11 0 0 0
0.041000 12 0 0 0
0.041000 13 0 0 0
0.041000 14 0 0 0
0.040000 4 6 1 5
0.040000 5 0 0 0
0.040000 6 0 0 0
0.040000 7 0 0 0
0.040000 8 0 0 0
0.040000 9 0 0 0
0.040000 10 0 0 0
0.040000 11 0 0 0
0.040000 12 0 0 0
0.040000 13 0 0 0
0.040000 14 0 0 0
0.039000 4 6 1 5
0.039000 5 0 0 0
0.039000 6 0 0 0
0.039000 7 0 0 0
0.039000 8 0 0 0
0.039000 9 0 0 0
0.039000 10 0 0 0
0.039000 11 0 0 0
0.039000 12 0 0 0
0.039000 13 0 0 0
0.039000 14 0 0 0
0.038000 4 6 1 5
0.038000 5 0 0 0
0.038000 6 0 0 0
0.038000 7 0 0 0
0.038000 8 0 0 0
0.038000 9 0 0 0
0.038000 10 0 0 0
0.038000 11 0 0 0
0.038000 12 0 0 0
0.038000 13 0 0 0
0.038000 14 0 0 0
0.037000 4 6 1 5
0.037000 5 0 0 0
0.037000 6 0 0 0
0.037000 7 0 0 0
0.037000 8 0 0 0
0.037000 9 0 0 0
0.037000 10 0 0 0
0.037000 11 0 0 0
0.037000 12 0 0 0
0.037000 13 0 0 0
0.037000 14 0 0 0
0.036000 4 6 1 5
0.036000 5 0 0 0
0.036000 6 0 0 0
0.036000 7 0 0 0
0.036000 8 0 0 0
0.036000 9 0 0 0
0.036000 10 0 0 0
0.036000 11 0 0 0
0.036000 12 0 0 0
0.036000 13 0 0 0
0.036000 14 0 0 0
0.035000 4 6 1 5
0.035000 5 0 0 0
0.035000 6 0 0 0
0.035000 7 0 0 0
0.035000 8 0 0 0
0.035000 9 0 0 0
0.035000 10 0 0 0
0.035000 11 0 0 0
0.035000 12 0 0 0
0.035000 13 0 0 0
0.035000 14 0 0 0
0.034000 4 5 2 3
0.034000 5 0 0 0
0.034000 6 0 0 0
0.034000 7 0 0 0
0.034000 8 0 0 0
0.034000 9 0 0 0
0.034000 10 0 0 0
0.034000 11 0 0 0
0.034000 12 0 0 0
0.034000 13 0 0 0
0.034000 14 0 0 0
0.033000 4 5 2 3
0.033000 5 0 0 0
0.033000 6 0 0 0
0.033000 7 0 0 0
0.033000 8 0 0 0
0.033000 9 0 0 0
0.033000 10 0 0 0
0.033000 11 0 0 0
0.033000 12 0 0 0
0.033000 13 0 0 0
0.033000 14 0 0 0
0.032000 4 5 2 3
0.032000 5 0 0 0
0.032000 6 0 0 0
0.032000 7 0 0 0
0.032000 8 0 0 0
0.032000 9 0 0 0
0.032000 10 0 0 0
0.032000 11 0 0 0
0.032000 12 0 0 0
0.032000 13 0 0 0
0.032000 14 0 0 0
0.031000 4 5 2 3
0.031000 5 0 0 0
0.031000 6 0 0 0
0.031000 7 0 0 0
0.031000 8 0 0 0
0.031000 9 0 0 0
0.031000 10 0 0 0
0.031000 11 0 0 0
0.031000 12 0 0 0
0.031000 13 0 0 0
0.031000 14 0 0 0
0.030000 4 6 1 5
0.030000 5 0 0 0
0.030000 6 0 0 0
0.030000 7 0 0 0
0.030000 8 0 0 0
0.030000 9 0 0 0
0.030000 10 0 0 0
0.030000 11 0 0 0
0.030000 12 0 0 0
0.030000 13 0 0 0
0.030000 14 0 0 0
0.029000 4 6 1 5
0.029000 5 0 0 0
0.029000 6 0 0 0
0.029000 7 0 0 0
0.029000 8 0 0 0
0.029000 9 0 0 0
0.029000 10 0 0 0
0.029000 11 0 0 0
0.029000 12 0 0 0
0.029000 13 0 0 0
0.029000 14 0 0 0
0.028000 4 6 1 5
0.028000 5 0 0 0
0.028000 6 0 0 0
0.028000 7 0 0 0
0.028000 8 0 0 0
0.028000 9 0 0 0
0.028000 10 0 0 0
0.028000 11 0 0 0
0.028000 12 0 0 0
0.028000 13 0 0 0
0.028000 14 0 0 0
0.027000 4 6 1 5
0.027000 5 0 0 0
0.027000 6 0 0 0
0.027000 7 0 0 0
0.027000 8 0 0 0
0.027000 9 0 0 0
0.027000 10 0 0 0
0.027000 11 0 0 0
0.027000 12 0 0 0
0.027000 13 0 0 0
0.027000 14 0 0 0
0.026000 4 6 1 5
0.026000 5 0 0 0
0.026000 6 0 0 0
0.026000 7 0 0 0
0.026000 8 0 0 0
0.026000 9 0 0 0
0.026000 10 0 0 0
0.026000 11 0 0 0
0.026000 12 0 0 0
0.026000 13 0 0 0
0.026000 14 0 0 0
0.025000 4 6 1 5
0.025000 5 0 0 0
0.025000 6 0 0 0
0.025000 7 0 0 0
0.025000 8 0 0 0
0.025000 9 0 0 0
0.025000 10 0 0 0
0.025000 11 0 0 0
0.025000 12 0 0 0
0.025000 13 0 0 0
0.025000 14 0 0 0
0.024000 4 6 1 5
0.024000 5 0 0 0
0.024000 6 0 0 0
0.024000 7 0 0 0
0.024000 8 0 0 0
0.024000 9 0 0 0
0.024000 10 0 0 0
0.024000 11 0 0 0
0.024000 12 0 0 0
0.024000 13 0 0 0
0.024000 14 0 0 0
0.023000 4 6 1 5
0.023000 5 0 0 0
0.023000 6 0 0 0
0.023000 7 0 0 0
0.023000 8 0 0 0
0.023000 9 0 0 0
0.023000 10 0 0 0
0.023000 11 0 0 0
0.023000 12 0 0 0
0.023000 13 0 0 0
0.023000 14 0 0 0
0.022000 4 5 2 3
0.022000 5 0 0 0
0.022000 6 0 0 0
0.022000 7 0 0 0
0.022000 8 0 0 0
0.022000 9 0 0 0
0.022000 10 0 0 0
0.022000 11 0 0 0
0.022000 12 0 0 0
0.022000 13 0 0 0
0.022000 14 0 0 0
0.021000 4 5 2 3
0.021000 5 0 0 0
0.021000 6 0 0 0
0.021000 7 0 0 0
0.021000 8 0 0 0
0.021000 9 0 0 0
0.021000 10 0 0 0
0.021000 11 0 0 0
0.021000 12 0 0 0
0.021000 13 0 0 0
0.021000 14 0 0 0
0.020000 4 5 2 3
0.020000 5 0 0 0
0.020000 6 0 0 0
0.020000 7 0 0 0
0.020000 8 0 0 0
0.020000 9 0 0 0
0.020000 10 0 0 0
0.020000 11 0 0 0
0.020000 12 0 0 0
0.020000 13 0 0 0
0.020000 14 0 0 0
0.019000 4 5 2 3
0.019000 5 0 0 0
0.019000 6 0 0 0
0.019000 7 0 0 0
0.019000 8 0 0 0
0.019000 9 0 0 0
0.019000 10 0 0 0
0.019000 11 0 0 0
0.019000 12 0 0 0
0.019000 13 0 0 0
0.019000 14 0 0 0
0.018000 4 5 2 3
0.018000 5 0 0 0
0.018000 6 0 0 0
0.018000 7 0 0 0
0.018000 8 0 0 0
0.018000 9 0 0 0
0.018000 10 0 0 0
0.018000 11 0 0 0
0.018000 12 0 0 0
0.018000 13 0 0 0
0.018000 14 0 0 0
0.017000 4 5 2 3
0.017000 5 0 0 0
0.017000 6 0 0 0
0.017000 7 0 0 0
0.017000 8 0 0 0
0.017000 9 0 0 0
0.017000 10 0 0 0
0.017000 11 0 0 0
0.017000 12 0 0 0
0.017000 13 0 0 0
0.017000 14 0 0 0
0.016000 4 5 2 3
0.016000 5 0 0 0
0.016000 6 0 0 0
0.016000 7 0 0 0
0.016000 8 0 0 0
0.016000 9 0 0 0
0.016000 10 0 0 0
0.016000 11 0 0 0
0.016000 12 0 0 0
0.016000 13 0 0 0
0.016000 14 0 0 0
0.015000 4 5 1 4
0.015000 5 0 0 0
0.015000 6 0 0 0
0.015000 7 0 0 0
0.015000 8 0 0 0
0.015000 9 0 0 0
0.015000 10 0 0 0
0.015000 11 0 0 0
0.015000 12 0 0 0
0.015000 13 0 0 0
0.015000 14 0 0 0
0.014000 4 5 1 4
0.014000 5 0 0 0
0.014000 6 0 0 0
0.014000 7 0 0 0
0.014000 8 0 0 0
0.014000 9 0 0 0
0.014000 10 0 0 0
0.014000 11 0 0 0
0.014000 12 0 0 0
0.014000 13 0 0 0
0.014000 14 0 0 0
0.013000 4 5 1 4
0.013000 5 0 0 0
0.013000 6 0 0 0
0.013000 7 0 0 0
0.013000 8 0 0 0
0.013000 9 0 0 0
0.013000 10 0 0 0
0.013000 11 0 0 0
0.013000 12 0 0 0
0.013000 13 0 0 0
0.013000 14 0 0 0
0.012000 4 5 1 4
0.012000 5 0 0 0
0.012000 6 0 0 0
0.012000 7 0 0 0
0.012000 8 0 0 0
0.012000 9 0 0 0
0.012000 10 0 0 0
0.012000 11 0 0 0
0.012000 12 0 0 0
0.012000 13 0 0 0
0.012000 14 0 0 0
0.011000 4 6 1 5
0.011000 5 0 0 0
0.011000 6 0 0 0
0.011000 7 0 0 0
0.011000 8 0 0 0
0.011000 9 0 0 0
0.011000 10 0 0 0
0.011000 11 0 0 0
0.011000 12 0 0 0
0.011000 13 0 0 0
0.011000 14 0 0 0
0.010000 4 6 1 5
0.010000 5 0 0 0
0.010000 6 0 0 0
0.010000 7 0 0 0
0.010000 8 0 0 0
0.010000 9 0 0 0
0.010000 10 0 0 0
0.010000 11 0 0 0
0.010000 12 0 0 0
0.010000 13 0 0 0
0.010000 14 0 0 0
0.009000 4 6 1 5
0.009000 5 0 0 0
0.009000 6 0 0 0
0.009000 7 0 0 0
0.009000 8 0 0 0
0.009000 9 0 0 0
0.009000 10 0 0 0
0.009000 11 0 0 0
0.009000 12 0 0 0
0.009000 13 0 0 0
0.009000 14 0 0 0
0.008000 4 6 1 5
0.008000 5 0 0 0
0.008000 6 0 0 0
0.008000 7 0 0 0
0.008000 8 0 0 0
0.008000 9 0 0 0
0.008000 10 0 0 0
0.008000 11 0 0 0
0.008000 12 0 0 0
0.008000 13 0 0 0
0.008000 14 0 0 0
0.007000 4 6 1 5
0.007000 5 0 0 0
0.007000 6 0 0 0
0.007000 7 0 0 0
0.007000 8 0 0 0
0.007000 9 0 0 0
0.007000 10 0 0 0
0.007000 11 0 0 0
0.007000 12 0 0 0
0.007000 13 0 0 0
0.007000 14 0 0 0
0.006000 4 6 1 5
0.006000 5 0 0 0
0.006000 6 0 0 0
0.006000 7 0 0 0
0.006000 8 0 0 0
0.006000 9 0 0 0
0.006000 10 0 0 0
0.006000 11 0 0 0
0.006000 12 0 0 0
0.006000 13 0 0 0
0.006000 14 0 0 0
0.005000 4 6 1 5
0.005000 5 0 0 0
0.005000 6 0 0 0
0.005000 7 0 0 0
0.005000 8 0 0 0
0.005000 9 0 0 0
0.005000 10 0 0 0
0.005000 11 0 0 0
0.005000 12 0 0 0
0.005000 13 0 0 0
0.005000 14 0 0 0
0.004000 4 6 1 5
0.004000 5 0 0 0
0.004000 6 0 0 0
0.004000 7 0 0 0
0.004000 8 0 0 0
0.004000 9 0 0 0
0.004000 10 0 0 0
0.004000 11 0 0 0
0.004000 12 0 0 0
0.004000 13 0 0 0
0.004000 14 0 0 0
0.003000 4 6 1 5
0.003000 5 0 0 0
0.003000 6 0 0 0
0.003000 7 0 0 0
0.003000 8 0 0 0
0.003000 9 0 0 0
0.003000 10 0 0 0
0.003000 11 0 0 0
0.003000 12 0 0 0
0.003000 13 0 0 0
0.003000 14 0 0 0
0.002000 4 6 2 4
0.002000 5 0 0 0
0.002000 6 0 0 0
0.002000 7 0 0 0
0.002000 8 0 0 0
0.002000 9 0 0 0
0.002000 10 0 0 0
0.002000 11 0 0 0
0.002000 12 0 0 0
0.002000 13 0 0 0
0.002000 14 0 0 0
