0.100000 4 23 12 11
0.100000 5 5 4 1
0.100000 6 11 8 3
0.100000 7 12 9 3
0.100000 8 11 8 3
0.100000 9 10 7 3
0.100000 10 8 3 5
0.100000 11 7 4 3
0.100000 12 2 1 1
0.100000 13 3 1 2
0.100000 14 1 0 1
0.099000 4 23 11 12
0.099000 5 5 4 1
0.099000 6 12 9 3
0.099000 7 13 10 3
0.099000 8 11 8 3
0.099000 9 10 7 3
0.099000 10 8 3 5
0.099000 11 7 4 3
0.099000 12 2 1 1
0.099000 13 3 1 2
0.099000 14 1 0 1
0.098000 4 23 11 12
0.098000 5 5 4 1
0.098000 6 12 9 3
0.098000 7 13 11 2
0.098000 8 11 8 3
0.098000 9 10 7 3
0.098000 10 8 3 5
0.098000 11 7 4 3
0.098000 12 2 1 1
0.098000 13 3 1 2
0.098000 14 1 0 1
0.097000 4 23 11 12
0.097000 5 5 4 1
0.097000 6 12 9 3
0.097000 7 12 10 2
0.097000 8 11 8 3
0.097000 9 10 9 1
0.097000 10 9 4 5
0.097000 11 7 4 3
0.097000 12 2 1 1
0.097000 13 3 1 2
0.097000 14 1 0 1
0.096000 4 23 11 12
0.096000 5 5 4 1
0.096000 6 12 9 3
0.096000 7 12 10 2
0.096000 8 11 8 3
0.096000 9 10 9 1
0.096000 10 9 4 5
0.096000 11 7 4 3
0.096000 12 3 1 2
0.096000 13 3 1 2
0.096000 14 1 0 1
0.095000 4 23 11 12
0.095000 5 5 4 1
0.095000 6 12 9 3
0.095000 7 13 11 2
0.095000 8 11 8 3
0.095000 9 10 9 1
0.095000 10 9 4 5
0.095000 11 7 4 3
0.095000 12 3 1 2
0.095000 13 3 1 2
0.095000 14 1 0 1
0.094000 4 23 11 12
0.094000 5 5 4 1
0.094000 6 12 9 3
0.094000 7 13 11 2
0.094000 8 11 8 3
0.094000 9 10 9 1
0.094000 10 9 5 4
0.094000 11 7 4 3
0.094000 12 3 1 2
0.094000 13 2 1 1
0.094000 14 1 0 1
0.093000 4 23 11 12
0.093000 5 5 4 1
0.093000 6 12 9 3
0.093000 7 13 11 2
0.093000 8 11 8 3
0.093000 9 10 9 1
0.093000 10 9 6 3
0.093000 11 7 4 3
0.093000 12 3 1 2
0.093000 13 2 1 1
0.093000 14 1 0 1
0.092000 4 23 11 12
0.092000 5 5 4 1
0.092000 6 12 9 3
0.092000 7 13 11 2
0.092000 8 11 8 3
0.092000 9 10 9 1
0.092000 10 9 6 3
0.092000 11 7 4 3
0.092000 12 5 2 3
0.092000 13 2 1 1
0.092000 14 1 0 1
0.091000 4 23 10 13
0.091000 5 7 5 2
0.091000 6 12 9 3
0.091000 7 13 11 2
0.091000 8 11 8 3
0.091000 9 10 9 1
0.091000 10 9 6 3
0.091000 11 7 4 3
0.091000 12 5 2 3
0.091000 13 2 1 1
0.091000 14 1 0 1
0.090000 4 23 10 13
0.090000 5 7 5 2
0.090000 6 12 9 3
0.090000 7 14 9 5
0.090000 8 11 8 3
0.090000 9 11 10 1
0.090000 10 9 6 3
0.090000 11 7 4 3
0.090000 12 5 3 2
0.090000 13 2 1 1
0.090000 14 1 0 1
0.089000 4 23 10 13
0.089000 5 7 5 2
0.089000 6 12 9 3
0.089000 7 14 9 5
0.089000 8 11 8 3
0.089000 9 11 10 1
0.089000 10 9 6 3
0.089000 11 7 4 3
0.089000 12 6 3 3
0.089000 13 2 1 1
0.089000 14 1 0 1
0.088000 4 23 10 13
0.088000 5 11 8 3
0.088000 6 12 9 3
0.088000 7 14 9 5
0.088000 8 11 8 3
0.088000 9 11 10 1
0.088000 10 9 6 3
0.088000 11 7 3 4
0.088000 12 7 4 3
0.088000 13 2 1 1
0.088000 14 2 1 1
0.087000 4 24 10 14
0.087000 5 11 8 3
0.087000 6 6 5 1
0.087000 7 14 10 4
0.087000 8 11 8 3
0.087000 9 11 10 1
0.087000 10 9 6 3
0.087000 11 7 3 4
0.087000 12 7 4 3
0.087000 13 2 1 1
0.087000 14 2 1 1
0.086000 4 24 10 14
0.086000 5 11 8 3
0.086000 6 6 5 1
0.086000 7 14 10 4
0.086000 8 11 8 3
0.086000 9 11 10 1
0.086000 10 9 6 3
0.086000 11 7 3 4
0.086000 12 7 4 3
0.086000 13 2 1 1
0.086000 14 2 1 1
0.085000 4 24 10 14
0.085000 5 11 8 3
0.085000 6 6 5 1
0.085000 7 14 10 4
0.085000 8 11 9 2
0.085000 9 11 10 1
0.085000 10 9 6 3
0.085000 11 7 3 4
0.085000 12 7 4 3
0.085000 13 2 1 1
0.085000 14 2 1 1
0.084000 4 25 11 14
0.084000 5 11 8 3
0.084000 6 6 5 1
0.084000 7 15 11 4
0.084000 8 11 9 2
0.084000 9 11 10 1
0.084000 10 9 6 3
0.084000 11 7 3 4
0.084000 12 7 4 3
0.084000 13 2 1 1
0.084000 14 2 1 1
0.083000 4 25 11 14
0.083000 5 11 8 3
0.083000 6 6 5 1
0.083000 7 15 11 4
0.083000 8 11 9 2
0.083000 9 11 9 2
0.083000 10 9 6 3
0.083000 11 7 3 4
0.083000 12 7 4 3
0.083000 13 2 1 1
0.083000 14 2 1 1
0.082000 4 25 11 14
0.082000 5 11 8 3
0.082000 6 6 5 1
0.082000 7 15 11 4
0.082000 8 11 9 2
0.082000 9 11 9 2
0.082000 10 9 6 3
0.082000 11 7 3 4
0.082000 12 7 4 3
0.082000 13 2 1 1
0.082000 14 2 1 1
0.081000 4 25 11 14
0.081000 5 11 8 3
0.081000 6 6 5 1
0.081000 7 15 11 4
0.081000 8 11 9 2
0.081000 9 11 9 2
0.081000 10 9 6 3
0.081000 11 7 3 4
0.081000 12 7 4 3
0.081000 13 2 1 1
0.081000 14 2 1 1
0.080000 4 25 11 14
0.080000 5 11 8 3
0.080000 6 6 5 1
0.080000 7 15 11 4
0.080000 8 11 9 2
0.080000 9 11 10 1
0.080000 10 9 6 3
0.080000 11 7 3 4
0.080000 12 7 4 3
0.080000 13 2 1 1
0.080000 14 2 1 1
0.079000 4 25 11 14
0.079000 5 11 8 3
0.079000 6 6 5 1
0.079000 7 15 11 4
0.079000 8 11 9 2
0.079000 9 11 10 1
0.079000 10 9 6 3
0.079000 11 7 3 4
0.079000 12 7 4 3
0.079000 13 2 1 1
0.079000 14 2 1 1
0.078000 4 25 11 14
0.078000 5 11 8 3
0.078000 6 6 5 1
0.078000 7 15 11 4
0.078000 8 12 10 2
0.078000 9 11 10 1
0.078000 10 9 6 3
0.078000 11 8 4 4
0.078000 12 7 4 3
0.078000 13 3 2 1
0.078000 14 2 1 1
0.077000 4 25 11 14
0.077000 5 11 8 3
0.077000 6 7 5 2
0.077000 7 15 11 4
0.077000 8 12 10 2
0.077000 9 11 10 1
0.077000 10 9 6 3
0.077000 11 8 4 4
0.077000 12 7 4 3
0.077000 13 3 2 1
0.077000 14 2 1 1
0.076000 4 25 11 14
0.076000 5 10 7 3
0.076000 6 7 5 2
0.076000 7 15 11 4
0.076000 8 12 10 2
0.076000 9 11 10 1
0.076000 10 10 7 3
0.076000 11 9 4 5
0.076000 12 7 4 3
0.076000 13 3 2 1
0.076000 14 2 1 1
0.075000 4 25 10 15
0.075000 5 10 7 3
0.075000 6 7 5 2
0.075000 7 15 11 4
0.075000 8 12 10 2
0.075000 9 11 10 1
0.075000 10 11 8 3
0.075000 11 9 4 5
0.075000 12 7 3 4
0.075000 13 7 4 3
0.075000 14 2 1 1
0.074000 4 25 10 15
0.074000 5 10 7 3
0.074000 6 12 9 3
0.074000 7 15 11 4
0.074000 8 12 10 2
0.074000 9 11 10 1
0.074000 10 11 8 3
0.074000 11 9 5 4
0.074000 12 7 3 4
0.074000 13 7 4 3
0.074000 14 2 1 1
0.073000 4 25 10 15
0.073000 5 10 7 3
0.073000 6 12 9 3
0.073000 7 15 10 5
0.073000 8 14 10 4
0.073000 9 11 10 1
0.073000 10 11 8 3
0.073000 11 9 6 3
0.073000 12 7 3 4
0.073000 13 7 4 3
0.073000 14 2 1 1
0.072000 4 25 9 16
0.072000 5 10 7 3
0.072000 6 12 9 3
0.072000 7 15 10 5
0.072000 8 14 9 5
0.072000 9 11 10 1
0.072000 10 11 8 3
0.072000 11 9 6 3
0.072000 12 7 3 4
0.072000 13 7 4 3
0.072000 14 2 1 1
0.071000 4 25 9 16
0.071000 5 10 7 3
0.071000 6 12 9 3
0.071000 7 15 10 5
0.071000 8 14 9 5
0.071000 9 11 10 1
0.071000 10 11 8 3
0.071000 11 9 6 3
0.071000 12 7 3 4
0.071000 13 7 4 3
0.071000 14 2 1 1
0.070000 4 25 9 16
0.070000 5 10 7 3
0.070000 6 12 9 3
0.070000 7 15 10 5
0.070000 8 14 9 5
0.070000 9 11 9 2
0.070000 10 11 8 3
0.070000 11 9 6 3
0.070000 12 7 3 4
0.070000 13 7 4 3
0.070000 14 2 1 1
0.069000 4 25 9 16
0.069000 5 10 7 3
0.069000 6 10 9 1
0.069000 7 13 10 3
0.069000 8 14 9 5
0.069000 9 11 9 2
0.069000 10 11 8 3
0.069000 11 9 6 3
0.069000 12 7 3 4
0.069000 13 7 4 3
0.069000 14 2 1 1
0.068000 4 25 9 16
0.068000 5 10 7 3
0.068000 6 10 9 1
0.068000 7 12 11 1
0.068000 8 14 9 5
0.068000 9 11 9 2
0.068000 10 11 8 3
0.068000 11 9 6 3
0.068000 12 7 3 4
0.068000 13 7 4 3
0.068000 14 3 2 1
0.067000 4 25 9 16
0.067000 5 10 7 3
0.067000 6 10 9 1
0.067000 7 12 11 1
0.067000 8 14 9 5
0.067000 9 11 9 2
0.067000 10 11 8 3
0.067000 11 9 6 3
0.067000 12 7 3 4
0.067000 13 7 4 3
0.067000 14 3 2 1
0.066000 4 25 9 16
0.066000 5 5 4 1
0.066000 6 10 9 1
0.066000 7 12 11 1
0.066000 8 15 10 5
0.066000 9 11 9 2
0.066000 10 11 8 3
0.066000 11 9 6 3
0.066000 12 7 3 4
0.066000 13 7 4 3
0.066000 14 3 2 1
0.065000 4 25 10 15
0.065000 5 5 4 1
0.065000 6 10 9 1
0.065000 7 12 11 1
0.065000 8 15 10 5
0.065000 9 11 7 4
0.065000 10 11 8 3
0.065000 11 9 6 3
0.065000 12 7 3 4
0.065000 13 7 3 4
0.065000 14 3 2 1
0.064000 4 25 10 15
0.064000 5 5 4 1
0.064000 6 10 9 1
0.064000 7 12 11 1
0.064000 8 15 10 5
0.064000 9 11 7 4
0.064000 10 11 8 3
0.064000 11 9 6 3
0.064000 12 7 3 4
0.064000 13 7 3 4
0.064000 14 4 3 1
0.063000 4 25 10 15
0.063000 5 5 4 1
0.063000 6 10 9 1
0.063000 7 12 11 1
0.063000 8 15 11 4
0.063000 9 11 7 4
0.063000 10 11 8 3
0.063000 11 10 7 3
0.063000 12 7 3 4
0.063000 13 7 3 4
0.063000 14 5 3 2
0.062000 4 25 10 15
0.062000 5 5 4 1
0.062000 6 10 9 1
0.062000 7 13 10 3
0.062000 8 15 11 4
0.062000 9 12 8 4
0.062000 10 11 8 3
0.062000 11 10 7 3
0.062000 12 7 3 4
0.062000 13 7 3 4
0.062000 14 6 3 3
0.061000 4 25 10 15
0.061000 5 5 4 1
0.061000 6 10 9 1
0.061000 7 13 10 3
0.061000 8 15 11 4
0.061000 9 12 8 4
0.061000 10 11 8 3
0.061000 11 10 7 3
0.061000 12 8 4 4
0.061000 13 7 3 4
0.061000 14 6 3 3
0.060000 4 25 10 15
0.060000 5 5 4 1
0.060000 6 10 9 1
0.060000 7 13 10 3
0.060000 8 15 11 4
0.060000 9 13 9 4
0.060000 10 11 8 3
0.060000 11 10 7 3
0.060000 12 8 4 4
0.060000 13 7 3 4
0.060000 14 7 4 3
0.059000 4 25 10 15
0.059000 5 5 4 1
0.059000 6 10 9 1
0.059000 7 13 10 3
0.059000 8 15 11 4
0.059000 9 14 10 4
0.059000 10 11 8 3
0.059000 11 10 7 3
0.059000 12 8 5 3
0.059000 13 7 3 4
0.059000 14 7 4 3
0.058000 4 25 10 15
0.058000 5 5 4 1
0.058000 6 10 9 1
0.058000 7 13 10 3
0.058000 8 15 11 4
0.058000 9 14 10 4
0.058000 10 11 8 3
0.058000 11 10 7 3
0.058000 12 8 5 3
0.058000 13 7 4 3
0.058000 14 7 5 2
0.057000 4 25 11 14
0.057000 5 14 9 5
0.057000 6 10 9 1
0.057000 7 14 10 4
0.057000 8 15 11 4
0.057000 9 14 10 4
0.057000 10 11 7 4
0.057000 11 11 8 3
0.057000 12 9 5 4
0.057000 13 7 4 3
0.057000 14 7 5 2
0.056000 4 25 11 14
0.056000 5 14 9 5
0.056000 6 10 9 1
0.056000 7 14 10 4
0.056000 8 15 11 4
0.056000 9 14 9 5
0.056000 10 11 7 4
0.056000 11 11 8 3
0.056000 12 9 6 3
0.056000 13 7 4 3
0.056000 14 7 5 2
0.055000 4 25 11 14
0.055000 5 14 9 5
0.055000 6 10 9 1
0.055000 7 14 10 4
0.055000 8 15 11 4
0.055000 9 14 9 5
0.055000 10 11 6 5
0.055000 11 11 8 3
0.055000 12 9 6 3
0.055000 13 7 4 3
0.055000 14 7 4 3
0.054000 4 26 10 16
0.054000 5 14 9 5
0.054000 6 17 13 4
0.054000 7 14 10 4
0.054000 8 15 11 4
0.054000 9 14 9 5
0.054000 10 11 6 5
0.054000 11 11 8 3
0.054000 12 9 6 3
0.054000 13 7 4 3
0.054000 14 7 4 3
0.053000 4 26 10 16
0.053000 5 14 9 5
0.053000 6 17 13 4
0.053000 7 16 12 4
0.053000 8 15 11 4
0.053000 9 15 10 5
0.053000 10 11 6 5
0.053000 11 11 8 3
0.053000 12 10 7 3
0.053000 13 7 4 3
0.053000 14 7 4 3
0.052000 4 26 12 14
0.052000 5 14 9 5
0.052000 6 17 13 4
0.052000 7 16 12 4
0.052000 8 15 11 4
0.052000 9 15 9 6
0.052000 10 11 6 5
0.052000 11 11 8 3
0.052000 12 10 7 3
0.052000 13 7 4 3
0.052000 14 7 4 3
0.051000 4 26 11 15
0.051000 5 14 10 4
0.051000 6 17 13 4
0.051000 7 16 12 4
0.051000 8 15 11 4
0.051000 9 15 9 6
0.051000 10 11 6 5
0.051000 11 11 8 3
0.051000 12 10 7 3
0.051000 13 7 4 3
0.051000 14 7 4 3
0.050000 4 26 11 15
0.050000 5 9 7 2
0.050000 6 17 13 4
0.050000 7 16 12 4
0.050000 8 15 11 4
0.050000 9 15 10 5
0.050000 10 11 6 5
0.050000 11 11 8 3
0.050000 12 10 7 3
0.050000 13 7 4 3
0.050000 14 7 4 3
0.049000 4 26 11 15
0.049000 5 9 7 2
0.049000 6 17 13 4
0.049000 7 16 12 4
0.049000 8 15 11 4
0.049000 9 15 10 5
0.049000 10 11 6 5
0.049000 11 11 8 3
0.049000 12 10 7 3
0.049000 13 7 4 3
0.049000 14 7 4 3
0.048000 4 26 11 15
0.048000 5 9 7 2
0.048000 6 17 13 4
0.048000 7 16 12 4
0.048000 8 15 11 4
0.048000 9 15 10 5
0.048000 10 12 7 5
0.048000 11 11 8 3
0.048000 12 10 7 3
0.048000 13 7 4 3
0.048000 14 7 4 3
0.047000 4 26 11 15
0.047000 5 9 7 2
0.047000 6 17 13 4
0.047000 7 16 12 4
0.047000 8 15 11 4
0.047000 9 15 10 5
0.047000 10 12 7 5
0.047000 11 11 8 3
0.047000 12 10 7 3
0.047000 13 8 5 3
0.047000 14 7 4 3
0.046000 4 26 11 15
0.046000 5 9 7 2
0.046000 6 17 13 4
0.046000 7 16 12 4
0.046000 8 15 11 4
0.046000 9 15 10 5
0.046000 10 13 8 5
0.046000 11 11 7 4
0.046000 12 10 7 3
0.046000 13 8 5 3
0.046000 14 7 4 3
0.045000 4 26 13 13
0.045000 5 9 7 2
0.045000 6 17 13 4
0.045000 7 16 12 4
0.045000 8 15 11 4
0.045000 9 15 11 4
0.045000 10 14 9 5
0.045000 11 11 7 4
0.045000 12 10 7 3
0.045000 13 9 6 3
0.045000 14 7 4 3
0.044000 4 26 13 13
0.044000 5 9 7 2
0.044000 6 17 13 4
0.044000 7 16 12 4
0.044000 8 15 11 4
0.044000 9 15 11 4
0.044000 10 14 9 5
0.044000 11 11 7 4
0.044000 12 10 7 3
0.044000 13 9 6 3
0.044000 14 7 4 3
0.043000 4 26 13 13
0.043000 5 17 10 7
0.043000 6 17 13 4
0.043000 7 16 12 4
0.043000 8 15 11 4
0.043000 9 15 11 4
0.043000 10 14 8 6
0.043000 11 11 7 4
0.043000 12 10 7 3
0.043000 13 9 6 3
0.043000 14 7 4 3
0.042000 4 26 13 13
0.042000 5 17 10 7
0.042000 6 17 13 4
0.042000 7 16 12 4
0.042000 8 15 11 4
0.042000 9 15 11 4
0.042000 10 14 8 6
0.042000 11 11 6 5
0.042000 12 11 8 3
0.042000 13 10 7 3
0.042000 14 7 4 3
0.041000 4 26 13 13
0.041000 5 17 10 7
0.041000 6 17 13 4
0.041000 7 16 12 4
0.041000 8 15 11 4
0.041000 9 15 11 4
0.041000 10 15 9 6
0.041000 11 11 6 5
0.041000 12 11 8 3
0.041000 13 10 7 3
0.041000 14 7 4 3
0.040000 4 26 13 13
0.040000 5 17 10 7
0.040000 6 17 13 4
0.040000 7 16 12 4
0.040000 8 16 11 5
0.040000 9 15 11 4
0.040000 10 15 9 6
0.040000 11 11 6 5
0.040000 12 11 8 3
0.040000 13 10 7 3
0.040000 14 7 4 3
0.039000 4 26 13 13
0.039000 5 17 10 7
0.039000 6 17 13 4
0.039000 7 16 12 4
0.039000 8 16 11 5
0.039000 9 15 11 4
0.039000 10 15 9 6
0.039000 11 11 6 5
0.039000 12 11 8 3
0.039000 13 10 7 3
0.039000 14 7 4 3
0.038000 4 26 13 13
0.038000 5 17 10 7
0.038000 6 17 13 4
0.038000 7 16 12 4
0.038000 8 16 11 5
0.038000 9 15 11 4
0.038000 10 15 9 6
0.038000 11 12 6 6
0.038000 12 11 8 3
0.038000 13 10 7 3
0.038000 14 8 5 3
0.037000 4 27 15 12
0.037000 5 17 10 7
0.037000 6 17 13 4
0.037000 7 16 12 4
0.037000 8 16 11 5
0.037000 9 15 11 4
0.037000 10 15 8 7
0.037000 11 12 6 6
0.037000 12 11 7 4
0.037000 13 10 7 3
0.037000 14 8 5 3
0.036000 4 27 15 12
0.036000 5 17 10 7
0.036000 6 17 13 4
0.036000 7 16 12 4
0.036000 8 16 12 4
0.036000 9 15 11 4
0.036000 10 15 8 7
0.036000 11 13 7 6
0.036000 12 11 7 4
0.036000 13 10 7 3
0.036000 14 8 5 3
0.035000 4 27 15 12
0.035000 5 17 10 7
0.035000 6 17 13 4
0.035000 7 16 12 4
0.035000 8 16 12 4
0.035000 9 15 11 4
0.035000 10 15 8 7
0.035000 11 13 7 6
0.035000 12 11 7 4
0.035000 13 10 7 3
0.035000 14 8 5 3
0.034000 4 27 15 12
0.034000 5 17 9 8
0.034000 6 17 13 4
0.034000 7 16 12 4
0.034000 8 16 12 4
0.034000 9 15 11 4
0.034000 10 15 8 7
0.034000 11 13 7 6
0.034000 12 11 7 4
0.034000 13 10 7 3
0.034000 14 9 6 3
0.033000 4 26 14 12
0.033000 5 17 9 8
0.033000 6 17 13 4
0.033000 7 16 12 4
0.033000 8 16 12 4
0.033000 9 15 11 4
0.033000 10 15 9 6
0.033000 11 14 8 6
0.033000 12 11 7 4
0.033000 13 10 7 3
0.033000 14 9 6 3
0.032000 4 26 15 11
0.032000 5 17 8 9
0.032000 6 17 12 5
0.032000 7 17 13 4
0.032000 8 16 12 4
0.032000 9 15 11 4
0.032000 10 15 9 6
0.032000 11 15 9 6
0.032000 12 11 7 4
0.032000 13 10 7 3
0.032000 14 9 6 3
0.031000 4 26 15 11
0.031000 5 17 8 9
0.031000 6 17 12 5
0.031000 7 17 13 4
0.031000 8 16 12 4
0.031000 9 15 11 4
0.031000 10 15 10 5
0.031000 11 15 9 6
0.031000 12 11 6 5
0.031000 13 10 7 3
0.031000 14 9 6 3
0.030000 4 26 15 11
0.030000 5 17 8 9
0.030000 6 17 12 5
0.030000 7 17 13 4
0.030000 8 16 12 4
0.030000 9 15 11 4
0.030000 10 15 10 5
0.030000 11 15 9 6
0.030000 12 12 6 6
0.030000 13 10 7 3
0.030000 14 10 6 4
0.029000 4 26 16 10
0.029000 5 17 8 9
0.029000 6 17 12 5
0.029000 7 17 13 4
0.029000 8 16 12 4
0.029000 9 15 11 4
0.029000 10 15 10 5
0.029000 11 15 9 6
0.029000 12 12 6 6
0.029000 13 10 6 4
0.029000 14 10 7 3
0.028000 4 26 16 10
0.028000 5 17 8 9
0.028000 6 17 12 5
0.028000 7 17 13 4
0.028000 8 16 12 4
0.028000 9 15 11 4
0.028000 10 15 10 5
0.028000 11 15 9 6
0.028000 12 13 7 6
0.028000 13 10 6 4
0.028000 14 10 7 3
0.027000 4 26 16 10
0.027000 5 17 8 9
0.027000 6 17 12 5
0.027000 7 17 13 4
0.027000 8 16 12 4
0.027000 9 15 11 4
0.027000 10 15 10 5
0.027000 11 15 9 6
0.027000 12 13 7 6
0.027000 13 11 7 4
0.027000 14 10 7 3
0.026000 4 26 16 10
0.026000 5 17 8 9
0.026000 6 17 12 5
0.026000 7 17 13 4
0.026000 8 16 12 4
0.026000 9 16 11 5
0.026000 10 15 10 5
0.026000 11 15 8 7
0.026000 12 13 7 6
0.026000 13 11 7 4
0.026000 14 10 7 3
0.025000 4 26 16 10
0.025000 5 17 8 9
0.025000 6 17 12 5
0.025000 7 17 13 4
0.025000 8 16 12 4
0.025000 9 16 11 5
0.025000 10 15 10 5
0.025000 11 15 8 7
0.025000 12 14 8 6
0.025000 13 11 7 4
0.025000 14 10 7 3
0.024000 4 26 15 11
0.024000 5 17 8 9
0.024000 6 17 12 5
0.024000 7 17 13 4
0.024000 8 16 12 4
0.024000 9 16 11 5
0.024000 10 15 10 5
0.024000 11 15 8 7
0.024000 12 14 8 6
0.024000 13 12 8 4
0.024000 14 10 7 3
0.023000 4 26 15 11
0.023000 5 17 8 9
0.023000 6 17 12 5
0.023000 7 17 13 4
0.023000 8 16 12 4
0.023000 9 16 11 5
0.023000 10 15 10 5
0.023000 11 15 8 7
0.023000 12 15 9 6
0.023000 13 12 7 5
0.023000 14 10 6 4
0.022000 4 26 15 11
0.022000 5 17 9 8
0.022000 6 17 12 5
0.022000 7 17 13 4
0.022000 8 16 12 4
0.022000 9 16 11 5
0.022000 10 15 10 5
0.022000 11 15 8 7
0.022000 12 15 9 6
0.022000 13 12 6 6
0.022000 14 10 6 4
0.021000 4 26 15 11
0.021000 5 17 9 8
0.021000 6 17 12 5
0.021000 7 17 13 4
0.021000 8 16 12 4
0.021000 9 16 11 5
0.021000 10 15 10 5
0.021000 11 15 8 7
0.021000 12 15 9 6
0.021000 13 13 7 6
0.021000 14 10 6 4
0.020000 4 26 13 13
0.020000 5 17 9 8
0.020000 6 17 12 5
0.020000 7 17 13 4
0.020000 8 16 12 4
0.020000 9 16 11 5
0.020000 10 15 10 5
0.020000 11 15 10 5
0.020000 12 15 9 6
0.020000 13 13 7 6
0.020000 14 10 6 4
0.019000 4 26 13 13
0.019000 5 17 9 8
0.019000 6 17 12 5
0.019000 7 17 13 4
0.019000 8 16 12 4
0.019000 9 16 11 5
0.019000 10 15 10 5
0.019000 11 15 10 5
0.019000 12 15 9 6
0.019000 13 14 8 6
0.019000 14 10 6 4
0.018000 4 26 13 13
0.018000 5 17 9 8
0.018000 6 17 12 5
0.018000 7 17 13 4
0.018000 8 16 12 4
0.018000 9 16 11 5
0.018000 10 15 10 5
0.018000 11 15 10 5
0.018000 12 15 10 5
0.018000 13 14 8 6
0.018000 14 11 7 4
0.017000 4 25 11 14
0.017000 5 17 9 8
0.017000 6 17 12 5
0.017000 7 17 13 4
0.017000 8 16 12 4
0.017000 9 16 12 4
0.017000 10 15 10 5
0.017000 11 15 10 5
0.017000 12 15 10 5
0.017000 13 15 9 6
0.017000 14 11 7 4
0.016000 4 25 11 14
0.016000 5 17 9 8
0.016000 6 17 12 5
0.016000 7 17 13 4
0.016000 8 16 12 4
0.016000 9 16 12 4
0.016000 10 15 10 5
0.016000 11 15 10 5
0.016000 12 15 10 5
0.016000 13 15 9 6
0.016000 14 11 6 5
0.015000 4 25 11 14
0.015000 5 17 9 8
0.015000 6 17 12 5
0.015000 7 17 13 4
0.015000 8 16 12 4
0.015000 9 16 12 4
0.015000 10 16 11 5
0.015000 11 15 10 5
0.015000 12 15 9 6
0.015000 13 15 9 6
0.015000 14 12 6 6
0.014000 4 25 11 14
0.014000 5 17 9 8
0.014000 6 17 12 5
0.014000 7 17 13 4
0.014000 8 16 12 4
0.014000 9 16 12 4
0.014000 10 16 11 5
0.014000 11 15 10 5
0.014000 12 15 9 6
0.014000 13 15 9 6
0.014000 14 14 8 6
0.013000 4 25 11 14
0.013000 5 17 10 7
0.013000 6 17 12 5
0.013000 7 17 13 4
0.013000 8 16 12 4
0.013000 9 16 13 3
0.013000 10 16 11 5
0.013000 11 15 10 5
0.013000 12 15 9 6
0.013000 13 15 9 6
0.013000 14 14 8 6
0.012000 4 25 11 14
0.012000 5 17 10 7
0.012000 6 17 12 5
0.012000 7 17 13 4
0.012000 8 16 12 4
0.012000 9 16 13 3
0.012000 10 16 11 5
0.012000 11 15 10 5
0.012000 12 15 9 6
0.012000 13 15 9 6
0.012000 14 15 9 6
0.011000 4 25 11 14
0.011000 5 17 10 7
0.011000 6 17 11 6
0.011000 7 17 13 4
0.011000 8 16 12 4
0.011000 9 16 13 3
0.011000 10 16 11 5
0.011000 11 15 10 5
0.011000 12 15 9 6
0.011000 13 15 9 6
0.011000 14 15 9 6
0.010000 4 25 11 14
0.010000 5 17 10 7
0.010000 6 17 11 6
0.010000 7 17 13 4
0.010000 8 16 12 4
0.010000 9 16 13 3
0.010000 10 16 11 5
0.010000 11 15 10 5
0.010000 12 15 9 6
0.010000 13 15 10 5
0.010000 14 15 9 6
0.009000 4 25 13 12
0.009000 5 17 10 7
0.009000 6 17 11 6
0.009000 7 17 13 4
0.009000 8 16 12 4
0.009000 9 16 13 3
0.009000 10 16 11 5
0.009000 11 15 10 5
0.009000 12 15 10 5
0.009000 13 15 10 5
0.009000 14 15 9 6
0.008000 4 24 12 12
0.008000 5 17 10 7
0.008000 6 17 11 6
0.008000 7 17 13 4
0.008000 8 17 13 4
0.008000 9 16 12 4
0.008000 10 16 11 5
0.008000 11 15 10 5
0.008000 12 15 10 5
0.008000 13 15 10 5
0.008000 14 15 9 6
0.007000 4 23 11 12
0.007000 5 17 10 7
0.007000 6 17 11 6
0.007000 7 17 12 5
0.007000 8 17 13 4
0.007000 9 16 12 4
0.007000 10 16 12 4
0.007000 11 15 10 5
0.007000 12 15 10 5
0.007000 13 15 9 6
0.007000 14 15 9 6
0.006000 4 23 11 12
0.006000 5 17 10 7
0.006000 6 17 11 6
0.006000 7 17 12 5
0.006000 8 17 13 4
0.006000 9 16 12 4
0.006000 10 16 12 4
0.006000 11 16 11 5
0.006000 12 15 10 5
0.006000 13 15 9 6
0.006000 14 15 9 6
0.005000 4 23 10 13
0.005000 5 17 9 8
0.005000 6 17 11 6
0.005000 7 17 12 5
0.005000 8 17 13 4
0.005000 9 16 12 4
0.005000 10 16 12 4
0.005000 11 16 11 5
0.005000 12 15 10 5
0.005000 13 15 9 6
0.005000 14 15 9 6
0.004000 4 26 11 15
0.004000 5 17 9 8
0.004000 6 17 11 6
0.004000 7 17 12 5
0.004000 8 17 13 4
0.004000 9 16 12 4
0.004000 10 16 12 4
0.004000 11 16 11 5
0.004000 12 15 10 5
0.004000 13 15 9 6
0.004000 14 15 9 6
0.003000 4 29 13 16
0.003000 5 17 9 8
0.003000 6 17 11 6
0.003000 7 17 12 5
0.003000 8 17 13 4
0.003000 9 16 12 4
0.003000 10 16 12 4
0.003000 11 16 11 5
0.003000 12 15 10 5
0.003000 13 15 9 6
0.003000 14 15 9 6
0.002000 4 33 19 14
0.002000 5 17 9 8
0.002000 6 17 12 5
0.002000 7 17 12 5
0.002000 8 17 13 4
0.002000 9 16 12 4
0.002000 10 16 11 5
0.002000 11 16 11 5
0.002000 12 15 10 5
0.002000 13 15 9 6
0.002000 14 15 10 5
