-166 445 70
-166 446 72
-164 445 70
-164 445 70
-163 444 71
-164 446 74
-164 446 74
-164 448 69
-164 448 69
-164 444 70
-164 443 72
-164 443 72
-165 447 70
-166 447 72
-166 447 72
-167 443 77
-168 441 80
-168 441 80
-171 445 80
-171 445 80
-169 439 81
-169 441 80
-169 441 80
-168 442 82
-171 442 83
-171 442 83
-168 441 79
-168 441 79
-170 442 78
-171 442 78
-171 442 78
-175 450 70
-169 445 74
-169 445 74
-168 444 74
-165 443 69
-165 443 69
-165 443 72
-165 443 72
-165 444 70
-162 444 69
-162 444 69
-160 444 70
-161 440 72
-161 440 72
-164 441 71
-164 441 71
-166 444 75
-165 441 71
-165 441 71
-165 441 75
-165 442 75
-165 442 75
-167 442 77
-167 442 77
-172 442 82
-167 439 78
-167 439 78
-173 452 75
-169 443 81
-169 443 81
-169 442 80
-169 442 80
-174 441 79
-174 441 79
-171 443 79
-168 442 74
-168 442 74
-167 442 76
-168 442 76
-168 442 76
-167 443 75
-167 443 75
-165 446 73
-162 442 68
-162 442 68
-170 445 69
-164 445 69
-164 445 69
-167 446 71
-167 444 71
-164 444 71
-159 445 72
-159 445 72
-161 444 75
-164 444 72
-164 444 72
-163 441 73
-167 442 77
-167 442 77
-164 445 78
-164 445 78
-167 444 79
-166 441 81
-166 441 81
-169 439 81
-169 441 83
-169 441 83
-170 440 81
-170 440 81
-170 442 83
-168 441 80
-168 441 80
-176 452 71
-170 443 77
-170 443 77
-169 441 74
-166 443 72
-166 443 72
-164 443 72
-164 443 72
-166 441 73
-166 443 71
-166 443 71
-164 445 71
-164 445 72
-164 445 72
-161 446 68
-161 446 68
-162 443 71
-162 442 70
-162 442 70
-161 443 72
-163 442 71
-163 442 71
-165 441 76
-165 441 76
-166 441 73
-167 442 78
-167 442 78
-168 443 76
-169 441 80
-169 441 80
-170 441 82
-171 440 80
-171 440 80
-170 442 84
-170 442 84
-171 439 78
-169 441 80
-169 441 80
-168 439 80
-169 441 77
-169 441 77
-168 443 78
-168 443 78
-166 444 72
-166 442 73
-166 442 73
-171 454 66
-166 443 69
-166 443 69
-162 444 71
-161 446 69
-161 446 69
-162 443 70
-162 443 70
-164 447 70
-164 443 71
-164 443 71
-164 443 73
-163 443 74
-163 443 74
-165 442 77
-166 443 75
-165 444 78
-165 444 78
-166 443 79
-167 440 81
-167 440 81
-170 440 82
-170 440 82
-169 444 80
-171 440 80
-171 440 80
-170 448 75
-171 441 82
-171 441 82
-167 441 80
-169 439 79
-169 439 79
-169 442 76
-169 442 76
-168 441 75
-167 444 73
-167 444 73
-163 443 73
-164 443 69
-164 443 69
-164 444 71
-164 444 71
-159 440 69
-160 445 68
-160 445 68
-168 449 67
-164 442 72
-164 442 72
-164 445 72
-164 443 75
-161 443 75
-164 438 73
-164 438 73
-167 440 78
-166 441 79
-166 441 79
-167 441 78
-168 441 81
-168 441 81
-169 440 78
-169 440 78
-166 436 79
-174 444 79
-174 444 79
-171 436 77
-168 437 77
-168 437 77
-168 439 78
-168 439 78
-166 439 78
-166 442 76
-166 442 76
-175 452 69
-165 440 72
-165 440 72
-164 444 71
-163 438 71
-163 438 71
-164 445 71
-164 445 71
-163 443 66
-164 441 72
-164 441 72
-164 443 69
-165 444 71
-165 444 71
-164 440 68
-164 440 68
-164 442 73
-161 440 74
-161 440 74
-166 439 76
-163 441 77
-163 441 77
-168 437 77
-168 437 77
-166 438 79
-168 440 78
-168 440 78
-169 439 79
-169 438 81
-169 438 81
-171 440 79
-167 438 79
-167 438 79
-169 440 79
-169 440 79
-168 438 76
-167 440 74
-167 440 74
-167 443 77
-166 444 69
-166 444 69
-166 443 75
-166 443 75
-165 441 68
-162 441 68
-169 450 62
-161 441 68
-161 441 68
-160 443 70
-162 443 66
-162 443 66
-164 440 68
-164 440 68
-163 440 73
-164 440 73
-164 440 73
-165 444 74
-167 439 77
-167 439 77
-166 438 77
-166 438 77
-167 438 79
-170 440 80
-170 440 80
-168 440 79
-168 437 81
-168 437 81
-168 440 79
-168 440 79
-172 438 77
-168 436 78
-168 436 78
-168 445 68
-171 438 76
-171 438 76
-165 442 74
-163 439 72
-163 439 72
-164 439 73
-164 439 73
-164 441 70
-163 439 72
-163 439 72
-162 444 69
-160 443 69
-160 443 69
-160 443 69
-160 443 69
-163 440 69
-163 438 70
-163 438 70
-173 446 68
-165 440 73
-165 440 73
-165 442 77
-168 438 76
-168 438 76
-168 440 78
-168 440 78
-170 439 82
-169 437 80
-169 437 80
-170 437 77
-170 440 79
-170 440 79
-169 442 79
-169 442 79
-169 441 76
-169 440 80
-169 440 80
-167 439 76
-167 441 76
-167 441 76
-166 441 73
-166 441 73
-165 439 71
-161 439 73
-161 439 73
-168 450 63
-161 441 69
-161 441 69
-165 443 68
-165 440 64
-165 440 64
-163 441 71
-163 441 71
-162 440 73
-163 440 71
-163 440 71
-165 439 73
-161 442 73
-161 442 73
-165 440 76
-165 440 76
-164 439 78
-164 440 77
-164 440 77
-168 440 79
-168 440 81
-168 440 81
-168 436 81
-168 436 81
-165 440 80
-165 440 82
-165 440 82
-166 438 77
-163 439 79
-164 436 77
-159 439 74
-159 439 74
-160 440 75
-160 440 75
-155 444 71
-157 441 73
-157 441 73
-151 440 72
-150 438 71
-150 438 71
-145 441 69
-145 441 69
-141 437 64
-131 439 63
-131 439 63
-123 446 57
-99 439 51
-99 439 51
-70 436 28
-75 446 -13
-75 446 -13
-170 460 -1
-170 460 -1
-146 503 172
-36 569 176
-36 569 176
35 513 -58
-123 467 -14
-123 467 -14
-75 472 0
-75 472 0
-106 476 13
-74 506 -7
-74 506 -7
-102 496 -27
-92 484 -60
-92 484 -60
-119 511 -135
-119 511 -135
-298 496 -149
-305 450 -32
-305 450 -32
-269 439 -63
-259 425 -41
-259 425 -41
-355 392 -70
-250 390 126
-250 390 126
-102 375 0
-102 375 0
-71 443 -152
-258 494 -224
-258 494 -224
-417 443 -119
-387 405 8
-387 405 8
-312 393 69
-312 393 69
-250 394 90
-214 404 93
-214 404 93
-200 408 93
-183 416 93
-183 416 93
-175 417 92
-175 417 92
-175 417 92
-170 424 89
-170 424 89
-167 427 88
-169 432 86
-169 432 86
-168 432 86
-166 435 80
-166 435 80
-165 432 81
-165 432 81
-164 435 77
-163 436 76
-163 436 76
-162 438 73
-163 443 74
-163 443 74
-162 440 71
-162 440 71
-159 441 71
-160 441 70
-160 441 70
-166 447 62
-159 441 72
-159 441 72
-162 436 71
-162 439 71
-162 439 71
-165 441 70
-165 441 70
-163 437 76
-163 440 77
-163 440 77
-166 437 76
-165 438 78
-167 440 78
-167 440 78
-169 439 81
-169 440 81
-169 440 81
-168 438 79
-169 438 79
-169 438 79
-170 439 79
-170 439 79
-166 439 78
-167 440 77
-167 440 77
-165 448 70
-166 440 71
-166 440 71
-164 442 73
-161 441 70
-161 441 70
-162 440 70
-162 440 70
-163 443 69
-164 443 70
-164 443 70
-162 443 67
-164 441 69
-164 441 69
-161 443 72
-161 443 72
-163 440 75
-161 440 73
-161 440 73
-173 448 69
-167 439 77
-167 439 77
-165 442 76
-164 438 78
-164 438 78
-167 437 80
-167 437 80
-170 437 80
-169 439 80
-169 439 80
-168 438 79
-171 439 80
-171 439 80
-169 440 78
-169 440 78
-171 439 77
-166 440 73
-166 440 73
-166 441 73
-164 441 74
-164 441 74
-163 442 70
-163 442 70
-162 441 69
-166 440 68
-166 440 68
-171 450 65
-161 440 71
-161 440 71
-162 441 69
-160 441 69
-160 441 69
-162 442 70
-162 442 70
-162 440 70
-165 440 77
-165 440 77
-168 440 75
-166 440 76
-166 440 76
-167 439 78
-167 439 78
-166 440 78
-169 437 79
-169 437 79
-174 437 79
-169 438 81
-169 438 81
-167 441 80
-167 441 80
-171 440 76
-169 439 77
-169 439 77
-168 441 78
-168 442 73
-168 442 73
-168 439 72
-163 442 75
-163 442 75
-162 440 73
-162 440 73
-164 439 71
-164 440 70
-164 440 70
-160 445 67
-162 443 65
-162 443 65
-166 443 67
-164 442 67
-165 440 69
-165 440 69
-170 448 62
-164 438 72
-171 448 70
-169 439 77
-169 439 77
-169 438 79
-169 438 79
-169 438 77
-169 438 78
-169 438 78
-169 437 78
-170 437 80
-170 437 80
-170 440 80
-170 440 80
-168 440 79
-171 439 77
-171 439 77
-168 437 78
-169 437 76
-169 437 76
-165 441 75
-165 441 75
-165 437 71
-163 439 71
-163 439 71
-163 450 65
-162 443 72
-162 443 72
-162 441 67
-163 442 69
-163 442 69
-166 441 74
-166 441 74
-165 442 71
-166 440 69
-166 440 69
-165 438 72
-168 441 75
-168 441 75
-166 439 74
-166 439 74
-170 440 77
-173 440 77
-173 440 77
-176 439 78
-173 437 82
-173 437 82
-172 440 79
-172 437 79
-172 437 85
-173 439 80
-173 439 80
-171 438 79
-174 439 81
-174 439 81
-173 438 78
-174 441 76
-174 441 76
-172 443 74
-172 443 74
-172 443 74
-172 439 72
-172 439 72
-173 440 75
-172 440 71
-172 440 71
-174 444 72
-174 444 72
-176 442 70
-180 442 72
-180 442 72
-188 447 67
-186 446 74
-186 446 74
-187 440 77
-191 441 75
-191 441 75
-198 439 76
-198 439 76
-207 439 79
-216 444 76
-216 444 76
-226 443 72
-248 444 65
-248 444 65
-269 452 48
-269 452 48
-288 456 12
-273 447 -23
-273 447 -23
-189 392 -21
-208 294 45
-208 294 45
-259 268 51
-259 268 51
-340 318 23
-242 407 -31
-247 403 -20
-228 394 -29
-228 394 -29
-230 367 -6
-247 351 -46
-218 382 -38
-218 382 -38
-224 400 -47
-210 413 -111
-210 413 -111
-37 414 -36
-37 414 -36
-60 443 -43
-60 443 -43
-56 432 -43
30 446 -26
30 446 -26
-85 422 86
-272 489 36
-272 489 36
-214 517 -183
-214 524 -133
41 524 -133
25 501 26
25 501 26
-59 479 95
-121 465 107
-121 465 107
-150 455 106
-164 450 100
-164 450 100
-169 448 97
-169 448 97
-169 445 90
-168 444 89
-168 444 89
-171 442 82
-167 441 78
-167 441 78
-167 443 76
-167 443 76
-166 442 74
-166 442 73
-166 442 73
-171 452 67
-165 444 73
-165 444 73
-164 441 72
-163 441 71
-163 441 71
-164 441 73
-164 441 73
-167 439 72
-167 438 76
-167 438 76
-167 440 76
-170 437 79
-170 437 79
-166 441 78
-166 441 78
-171 437 80
-173 436 82
-173 436 82
-173 439 81
-170 442 79
-170 442 79
-170 436 79
-170 436 79
-169 441 79
-170 440 81
-170 440 81
-167 441 79
-168 438 76
-168 438 76
-166 441 75
-163 442 73
-163 442 73
-165 442 69
-165 442 69
-165 444 71
-164 442 68
-164 442 68
-164 443 69
-162 441 72
-162 441 72
-160 441 70
-160 441 70
-162 442 69
-162 440 71
-162 440 71
-170 450 69
-164 440 75
-164 440 75
-165 442 79
-167 438 76
-167 438 76
-167 437 76
-167 437 76
-167 436 76
-171 437 81
-177 445 71
-170 440 82
-170 440 82
-167 437 82
-167 437 82
-168 437 80
-168 437 80
-169 441 79
-164 439 73
-164 439 73
-167 440 73
-167 440 73
-164 440 73
-165 440 69
-165 440 69
-164 451 62
-164 443 70
-164 443 70
-161 440 67
-160 443 66
-160 443 66
-161 439 67
-161 439 67
-164 443 69
-165 439 70
-165 439 70
-163 441 74
-164 441 75
-164 441 75
-166 448 71
-166 448 71
-164 437 76
-165 440 78
-165 440 78
-175 438 79
-166 437 79
-166 437 79
-168 442 79
-168 442 79
-168 442 79
-169 437 80
-169 437 80
-167 442 79
-171 439 76
-171 439 76
-167 438 77
-165 441 74
-165 441 74
-166 440 72
-166 440 72
-166 441 74
-165 443 70
-165 443 70
-164 440 69
-161 438 69
-161 438 69
-162 441 66
-162 441 66
-161 441 65
-163 441 70
-163 441 70
-170 452 62
-162 438 71
-162 438 71
-164 440 70
-164 440 74
-164 440 74
-166 441 74
-166 441 74
-166 435 77
-165 437 77
-165 437 77
-165 438 81
-166 437 80
-166 437 80
-168 440 82
-168 440 82
-169 436 79
-168 439 77
-168 439 77
-170 438 79
-172 438 77
-172 438 77
-167 439 75
-167 439 75
-169 441 74
-165 439 74
-165 439 74
-163 444 69
-163 442 72
-163 442 72
-160 439 69
-160 440 68
-160 440 68
-162 440 67
-162 440 67
-163 448 63
-163 440 68
-163 440 68
-159 442 71
-162 441 73
-164 440 71
-164 440 71
-165 439 73
-166 438 75
-166 438 75
-166 440 77
-166 440 77
-166 438 81
-169 435 80
-169 435 80
-169 440 80
-169 440 80
-170 435 81
-171 438 79
-171 438 79
-167 441 80
-170 438 80
-170 438 80
-166 442 78
-166 442 78
-167 439 74
-166 443 73
-166 443 73
-163 442 74
-162 441 69
-162 441 69
-161 440 70
-161 440 70
-159 442 70
-160 440 68
-160 440 68
-165 449 65
-160 439 71
-160 439 71
-163 442 68
-164 439 71
-164 439 71
-160 441 71
-160 441 71
-162 442 72
-168 440 75
-168 440 75
-165 437 74
-165 435 77
-165 435 77
-167 439 81
-167 439 81
-168 436 80
-167 437 81
-167 437 81
-170 438 78
-170 437 78
-170 437 78
-166 436 79
-166 436 79
-165 440 76
-166 439 76
-166 439 76
-163 437 74
-166 449 70
-166 449 70
-165 441 72
-162 439 72
-162 439 72
-159 443 69
-159 443 69
-163 442 71
-158 438 68
-158 438 68
-160 441 68
-162 440 69
-162 440 69
-160 442 71
-160 442 71
-161 436 71
-159 434 71
-159 434 71
-169 446 69
-162 436 78
-162 436 78
-163 437 78
-164 437 78
-164 437 78
-163 433 81
-163 433 81
-165 436 80
-164 433 82
-164 433 82
-161 435 81
-163 432 81
-163 432 81
-159 432 78
-159 432 78
-159 434 80
-157 431 79
-157 431 79
-159 432 79
-154 431 77
-154 431 77
-154 431 74
-154 431 74
-149 430 76
-146 423 75
-146 423 75
-146 429 66
-134 410 76
-134 410 76
-129 395 79
-129 395 79
-125 390 76
-125 390 76
-122 377 76
-122 364 72
-122 364 72
-128 351 76
-130 340 78
-130 340 78
-135 329 82
-135 329 82
-141 312 82
-148 300 82
-148 300 82
-170 290 81
-181 280 83
-181 280 83
-204 280 86
-204 280 86
-204 280 86
-236 292 94
-236 292 94
-253 310 111
-266 334 125
-266 334 125
-264 366 140
-252 395 148
-252 395 148
-231 423 157
-231 423 157
-208 441 153
-190 454 149
-190 454 149
-165 458 141
-157 461 133
-157 461 133
-147 457 121
-147 457 121
-142 452 114
-139 450 105
-139 450 105
-143 455 95
-145 442 95
-145 442 95
-150 442 94
-150 442 93
-150 442 93
-156 439 92
-156 439 92
-156 437 89
-158 437 86
-158 437 86
-162 438 89
-159 435 87
-159 435 87
-160 437 85
-160 437 85
-161 436 84
-162 436 84
-162 436 84
-169 442 79
-165 438 80
-165 438 80
-163 439 79
-163 439 75
-161 439 75
-163 442 74
-163 442 74
-161 435 76
-161 441 69
-161 441 69
-160 441 68
-160 439 69
-160 439 69
-161 441 70
-161 441 70
-158 437 71
-163 438 72
-163 438 72
-161 439 72
-160 441 72
-160 441 72
-163 439 74
-163 439 74
-164 440 73
-164 439 77
-164 439 77
-171 444 70
-166 437 77
-166 437 77
-166 435 81
-169 437 84
-169 437 84
-168 438 80
-168 438 80
-169 437 79
-169 439 81
-169 439 81
-168 437 78
-167 437 74
-167 437 74
-167 440 74
-166 438 74
-166 440 68
-166 440 68
-163 439 70
-163 442 70
-162 442 69
-162 442 69
-161 441 67
-162 438 69
-162 438 69
-162 440 69
-162 439 70
-162 439 70
-165 440 69
-163 441 70
-163 441 70
-164 438 75
-164 438 75
-166 436 73
-166 438 75
-166 438 75
-168 437 77
-165 437 78
-165 437 78
-167 438 80
-167 438 80
-172 437 79
-168 437 81
-168 437 81
-176 446 75
-169 439 78
-169 439 78
-168 438 80
-170 438 75
-170 438 75
-169 438 75
-169 438 75
-167 436 74
-165 440 72
-165 440 72
-164 439 71
-165 443 68
-165 443 68
-164 442 71
-164 442 71
-160 440 68
-161 446 61
-161 446 61
-161 441 67
-163 440 68
-163 440 68
-160 441 70
-160 441 70
-161 440 75
-165 437 73
-165 437 73
-167 449 68
-164 438 74
-164 438 74
-167 437 78
-169 435 76
-169 435 76
-167 438 77
-167 438 77
-170 434 79
-172 437 80
-172 437 80
-169 437 80
-169 436 80
-169 436 80
-169 439 78
-169 439 78
-165 436 76
-166 439 78
-166 439 78
-168 437 75
-166 438 74
-166 438 74
-167 438 71
-167 438 71
-165 438 69
-161 439 70
-161 439 70
-161 440 68
-164 441 68
-164 441 68
-161 441 66
-163 442 70
-163 442 70
-161 438 72
-161 438 72
-163 439 72
-161 440 72
-161 440 72
-168 441 74
-166 440 76
-166 440 76
-168 437 77
-168 437 77
-167 435 76
-166 437 79
-173 447 73
-171 439 80
-171 439 80
-171 439 81
-171 438 79
-166 436 78
-166 436 78
-167 438 77
-169 437 77
-169 437 77
-170 440 77
-165 439 72
-165 439 72
-167 440 70
-167 440 70
-167 439 68
-166 443 67
-166 443 67
-162 439 69
-162 440 69
-162 440 69
-163 442 68
-163 442 68
-161 439 67
-163 437 68
-163 437 68
-170 448 62
-163 436 72
-163 436 72
-166 439 77
-165 435 76
-165 435 76
-166 436 78
-166 436 78
-167 434 80
-168 438 78
-168 438 78
-170 436 80
-176 434 81
-176 434 81
-175 435 81
-175 435 81
-172 435 80
-173 435 80
-173 435 80
-180 435 77
-173 436 78
-173 436 78
-173 433 79
-173 433 79
-172 436 74
-174 433 74
-174 433 74
-172 429 72
-173 432 72
-173 432 72
-173 431 70
-175 427 68
-175 427 68
-174 425 68
-174 425 68
-176 421 68
-177 414 69
-177 414 69
-179 411 68
-178 403 69
-178 403 69
-177 400 72
-177 400 72
-171 404 74
-169 400 74
-169 400 74
-179 407 67
-172 389 74
-172 389 74
-166 380 79
-164 369 85
-164 369 85
-155 362 86
-155 362 86
-149 356 91
-142 362 95
-142 362 95
-143 362 100
-142 362 106
-142 362 106
-142 364 107
-142 364 107
-142 369 104
-140 370 103
-140 370 103
-141 376 101
-136 383 98
-136 383 98
-139 388 96
-139 388 96
-145 391 90
-147 396 82
-147 396 82
-141 406 76
-143 414 77
-143 414 77
-143 421 82
-147 426 81
-147 426 81
-150 430 80
-152 436 86
-155 436 86
-155 436 86
-159 438 86
-163 440 86
-163 440 86
-163 440 83
-163 440 83
-167 439 86
-169 436 84
-169 436 84
-176 447 79
-165 435 83
-165 435 83
-169 439 81
-165 441 81
-165 441 81
-167 439 82
-167 439 82
-165 441 79
-166 442 73
-166 442 73
-162 439 73
-163 441 73
-163 441 73
-160 441 71
-160 441 71
-162 444 71
-159 441 71
-159 441 71
-162 447 70
-161 442 70
-161 442 70
-162 444 74
-162 444 74
-162 442 70
-161 441 74
-161 441 74
-171 450 70
-165 441 76
-165 441 76
-163 442 81
-165 439 81
-165 439 81
-164 444 81
-164 444 81
-166 443 85
-165 443 87
-165 443 87
-168 441 83
-167 441 83
-167 441 83
-168 443 83
-168 443 83
-170 442 85
-169 443 80
-169 443 80
-168 442 82
-165 443 80
-165 443 80
-165 442 79
-165 442 79
-164 442 81
-163 444 78
-163 444 78
-164 450 72
-163 442 76
-163 442 76
-164 443 79
-169 441 79
-169 441 79
-173 438 81
-173 438 81
-167 440 81
-173 435 84
-173 435 84
-173 435 83
-175 433 84
-175 433 84
-173 428 85
-173 428 85
-179 424 87
-178 427 89
-178 427 89
-184 431 84
-178 422 86
-178 422 86
-175 420 87
-175 421 87
-175 421 87
-174 422 84
-174 422 84
-173 416 84
-170 419 81
-170 419 81
-167 416 75
-166 420 77
-166 420 77
-163 422 73
-163 422 73
-160 426 72
-160 425 71
-165 438 62
-157 429 69
-157 429 69
-155 431 67
-155 431 67
-156 435 67
-157 434 68
-157 434 68
-164 448 61
-158 436 70
-158 436 70
-159 435 73
-159 434 75
-159 434 75
-161 435 73
-161 435 73
-163 436 79
-165 436 78
-165 436 78
-164 438 79
-168 436 81
-168 436 81
-165 436 80
-165 436 80
-169 438 82
-165 436 81
-165 436 81
-167 439 79
-166 440 79
-166 440 79
-166 440 77
-166 440 77
-166 439 75
-164 438 74
-164 438 74
-160 440 70
-163 441 72
-163 441 72
-164 438 71
-161 443 72
-161 443 72
-162 441 69
-162 441 69
-161 442 70
-161 440 71
-161 440 71
-158 440 67
-164 440 70
-164 440 70
-161 440 71
-161 440 71
-165 439 73
-163 440 74
-163 440 74
-170 448 71
-166 439 77
-166 439 77
-167 441 79
-167 438 81
-167 438 81
-169 439 80
-169 439 80
-166 440 82
-167 441 81
-167 441 81
-171 438 81
-168 440 78
-168 440 78
-169 441 79
-169 441 79
-166 440 77
-165 439 75
-165 439 75
-164 442 73
-166 444 73
-166 444 73
-162 443 68
-162 443 68
-163 440 70
-162 442 69
-162 442 69
-166 456 64
-162 444 69
-162 444 69
-163 440 71
-161 442 69
-161 442 69
-163 441 71
-163 441 71
-161 439 71
-163 440 71
-163 440 71
-167 438 77
-164 439 78
-164 439 78
-167 438 78
-167 438 78
-169 441 77
-170 437 81
-170 437 81
-170 437 83
-169 439 83
-174 437 81
-174 437 81
-169 440 81
-165 441 79
-165 441 79
-167 443 73
-166 441 78
-166 441 78
-170 443 73
-166 441 73
-166 441 73
-164 441 71
-164 441 71
-160 440 72
-162 444 69
-162 444 69
-161 441 66
-161 442 67
-161 442 67
-161 443 70
-161 443 70
-161 442 68
-163 444 74
-163 444 74
-168 447 68
-163 444 74
-163 444 74
-164 441 74
-164 442 77
-166 442 77
-165 440 76
-165 440 76
-167 437 82
-169 439 81
-169 439 81
-168 440 82
-169 436 80
-169 436 80
-168 437 83
-168 437 83
-168 437 80
-168 439 76
-168 439 76
-167 439 78
-167 437 76
-167 437 76
-167 438 76
-167 438 76
-168 441 77
-164 441 75
-164 441 75
-170 449 65
-164 444 70
-164 444 70
-162 444 71
-163 440 69
-163 440 69
-161 443 66
-161 443 66
-163 441 70
-165 443 71
-165 443 71
-165 443 74
-164 441 75
-164 441 75
-163 443 74
-163 443 74
-163 440 73
-164 437 74
-164 437 74
-166 438 78
-168 439 80
-168 439 80
-166 436 78
-166 436 78
-170 440 79
-169 438 81
-169 438 81
-170 446 75
-169 439 78
-169 439 78
-168 436 78
-167 440 80
-167 440 80
-169 442 75
-169 442 75
-167 441 74
-165 442 71
-165 442 71
-164 439 72
-161 441 70
-161 441 70
-161 444 71
-161 444 71
-161 442 68
-164 444 70
-164 444 70
-170 452 61
-162 444 70
-162 444 70
-165 441 70
-160 445 71
-163 440 73
-163 440 73
-165 438 77
-166 441 77
-166 441 77
-166 441 77
-166 441 77
-171 437 80
-171 437 80
-171 438 80
-169 437 79
-169 437 79
-171 438 79
-169 440 79
-169 440 79
-167 440 78
-167 440 78
-168 438 79
-168 440 76
-168 440 76
-173 450 68
-164 440 74
-164 440 74
-163 438 74
-164 439 71
-164 439 71
-163 443 68
-163 443 68
-162 443 70
-161 440 72
-161 440 72
-160 444 71
-161 442 72
-161 442 72
-163 441 72
-163 441 72
-162 441 71
-162 442 73
-162 442 73
-164 441 73
-162 440 77
-162 440 77
-168 440 77
-168 440 77
-168 440 77
-168 441 78
-168 441 78
-168 445 74
-168 439 81
-168 439 81
-168 435 80
-168 439 80
-168 439 80
-166 442 78
-166 442 78
-167 438 78
-166 440 76
-166 440 76
-167 443 75
-165 441 76
-165 441 76
-166 443 71
-166 443 71
-163 441 72
-164 444 70
-164 444 70
-171 451 65
-161 445 67
-161 445 67
-162 440 69
-163 441 71
-163 441 71
-161 443 70
-161 443 70
-163 445 69
-161 441 73
-161 441 73
-164 437 73
-163 440 75
-163 440 75
-164 440 74
-164 440 74
-161 438 77
-169 437 78
-169 437 78
-169 439 81
-170 437 80
-170 437 80
-167 438 81
-167 438 81
-167 438 79
-169 439 81
-169 439 81
-175 451 73
-168 439 75
-168 439 75
-165 439 78
-166 443 73
-166 443 73
-164 442 75
-164 442 75
-165 444 71
-165 444 71
-162 441 70
-160 442 67
-160 442 67
-163 441 68
-163 441 68
-162 439 69
-162 439 69
-163 442 69
-162 441 71
-162 441 71
-164 441 72
-164 441 72
-164 441 74
-165 437 74
-165 437 74
-166 440 72
-169 437 80
-169 437 80
-170 437 80
-169 438 77
-169 438 77
-172 438 82
-172 438 82
-170 438 81
-169 439 78
-169 439 78
-168 436 80
-167 440 80
-167 440 80
-168 440 77
-168 440 77
-166 439 78
-165 436 74
-165 436 74
-173 448 65
-165 442 70
-165 442 70
-164 440 70
-162 440 69
-162 440 69
-161 443 69
-161 443 69
-161 441 71
-164 442 70
-164 442 70
-163 442 70
-160 442 72
-160 442 72
-164 440 73
-164 440 73
-164 442 73
-163 440 77
-163 440 77
-162 439 74
-169 442 77
-169 442 77
-171 440 80
-171 440 80
-169 438 79
-167 438 82
-167 438 82
-171 448 71
-168 440 78
-168 440 78
-167 438 77
-167 440 76
-167 440 76
-167 437 78
-167 437 78
-165 439 77
-169 440 74
-169 440 74
-166 441 73
-163 442 73
-163 442 73
-161 441 70
-161 441 70
-161 442 70
-160 441 70
-160 441 70
-164 439 69
-159 442 73
-159 442 73
-160 441 71
-160 441 71
-162 442 71
-161 442 71
-161 442 71
-167 441 69
-165 439 73
-165 439 73
-167 441 76
-166 440 78
-166 440 78