242 21 -11
242 21 -10
242 24 -10
242 24 -10
242 23 -12
242 23 -12
245 23 -12
240 26 -10
240 26 -10
242 33 -17
243 21 -9
243 21 -9
240 23 -14
245 23 -9
245 23 -9
241 30 -16
241 30 -16
241 23 -10
244 22 -9
244 22 -9
243 25 -11
243 21 -10
243 21 -10
244 24 -12
244 24 -12
242 25 -10
243 26 -14
243 26 -14
244 22 -11
242 24 -13
242 24 -13
244 23 -10
244 23 -10
241 23 -13
244 23 -10
244 23 -10
238 26 -15
244 25 -9
244 25 -9
243 23 -12
243 23 -12
243 23 -12
246 22 -9
246 22 -9
246 28 -17
245 25 -11
245 25 -11
245 24 -13
241 27 -10
241 27 -10
243 22 -12
243 22 -12
239 22 -11
244 24 -9
244 24 -9
242 24 -11
243 25 -10
243 25 -10
241 24 -12
241 24 -12
244 25 -11
242 24 -9
242 24 -9
242 25 -10
241 25 -13
241 25 -13
244 25 -13
244 25 -13
241 22 -12
243 23 -11
243 23 -11
241 29 -17
246 25 -10
246 25 -10
243 22 -12
243 25 -13
243 23 -13
243 23 -13
244 24 -10
243 23 -9
243 23 -9
243 25 -15
243 22 -11
243 22 -11
244 22 -12
244 22 -12
243 21 -11
242 25 -10
242 25 -10
243 20 -12
243 23 -15
243 23 -15
241 24 -13
241 24 -13
244 23 -11
241 24 -8
241 24 -8
236 24 -13
243 25 -8
243 25 -8
241 23 -13
241 23 -13
242 26 -11
242 26 -10
242 26 -10
243 32 -17
244 23 -12
244 23 -12
241 25 -12
243 22 -11
243 22 -11
240 23 -10
240 23 -10
245 23 -13
242 23 -11
242 23 -11
244 26 -13
243 23 -12
243 23 -12
246 21 -9
246 21 -9
243 23 -11
243 23 -10
243 23 -10
241 26 -10
242 22 -11
242 22 -11
243 21 -8
243 21 -8
243 21 -14
242 23 -11
242 23 -11
238 30 -16
245 23 -9
245 23 -9
244 23 -10
242 24 -11
242 24 -11
241 21 -11
241 21 -11
241 24 -7
241 24 -10
241 24 -10
243 26 -12
243 25 -13
243 25 -13
242 23 -11
242 23 -11
243 23 -11
242 23 -9
242 23 -9
245 23 -10
244 24 -12
244 24 -12
240 22 -12
240 22 -12
241 22 -12
241 24 -13
241 24 -13
246 24 -11
246 24 -11
244 25 -11
244 25 -11
243 26 -13
242 22 -11
242 22 -11
244 30 -15
244 25 -11
244 25 -11
244 24 -10
241 26 -8
241 26 -8
242 22 -12
242 22 -12
246 22 -13
241 23 -10
241 23 -10
244 24 -12
241 26 -11
241 26 -11
241 22 -12
241 22 -12
241 26 -10
242 25 -9
244 23 -11
244 23 -11
242 24 -13
242 24 -13
242 24 -14
241 26 -11
241 26 -11
236 32 -19
242 23 -12
242 23 -12
244 22 -10
244 26 -12
243 26 -12
245 22 -12
245 22 -12
244 22 -11
244 23 -9
244 23 -9
246 26 -11
242 23 -11
242 23 -11
243 23 -11
243 23 -11
245 25 -12
245 21 -11
245 21 -11
241 25 -15
241 26 -10
241 26 -10
243 24 -10
243 24 -10
243 23 -9
242 23 -10
242 23 -10
244 23 -12
243 22 -13
243 22 -13
245 24 -11
245 24 -11
241 23 -10
246 25 -13
246 25 -13
241 30 -19
244 23 -14
244 23 -14
242 24 -10
245 20 -11
245 20 -11
242 24 -11
242 24 -11
242 26 -11
242 20 -12
242 20 -12
245 23 -13
243 22 -10
243 22 -10
242 26 -12
242 26 -12
242 27 -14
243 19 -11
243 19 -11
244 26 -11
240 25 -9
241 26 -12
241 26 -12
243 22 -9
244 21 -10
244 21 -10
238 31 -16
245 21 -12
245 21 -12
242 22 -10
242 24 -10
247 24 -10
242 26 -11
242 26 -11
242 21 -10
242 24 -12
242 24 -12
241 23 -12
242 24 -13
242 24 -13
242 24 -12
242 24 -12
243 24 -10
243 22 -12
243 22 -12
246 24 -11
244 23 -13
244 23 -13
242 24 -10
242 24 -10
243 23 -11
245 24 -12
245 24 -12
244 21 -10
243 24 -12
243 24 -12
242 23 -11
242 23 -11
244 23 -12
243 26 -7
243 26 -7
238 30 -18
240 26 -11
240 26 -11
241 26 -10
245 21 -11
245 21 -11
243 25 -12
243 25 -12
243 23 -9
243 26 -12
243 26 -12
241 24 -13
244 25 -12
244 25 -12
245 24 -10
245 24 -10
245 21 -11
242 23 -11
242 23 -11
243 22 -11
245 24 -10
245 24 -10
246 23 -10
246 23 -10
243 22 -12
243 24 -9
243 24 -9
240 27 -17
242 24 -12
242 24 -12
244 23 -8
244 25 -11
244 25 -11
242 23 -14
242 23 -14
244 23 -13
241 25 -8
241 25 -8
242 21 -12
242 24 -11
242 24 -11
241 23 -12
241 23 -12
242 21 -11
244 25 -12
244 25 -12
244 25 -12
247 25 -13
247 25 -13
243 22 -13
243 25 -11
242 24 -9
242 24 -9
242 19 -10
241 23 -11
241 23 -11
243 23 -12
243 23 -12
241 22 -11
244 22 -12
244 22 -12
239 33 -20
245 23 -8
245 23 -8
241 25 -9
242 23 -10
242 23 -10
244 24 -12
244 24 -12
243 23 -10
245 27 -9
245 27 -9
240 21 -12
245 25 -9
245 25 -9
245 21 -8
245 21 -8
243 23 -10
242 22 -10
242 22 -10
243 23 -12
244 25 -10
244 25 -10
243 25 -10
243 25 -10
242 27 -11
243 27 -12
243 27 -12
238 24 -11
243 23 -10
243 23 -10
242 20 -12
242 20 -12
242 20 -12
242 23 -13
242 23 -13
243 21 -15
242 22 -11
242 22 -11
246 22 -13
242 22 -10
242 22 -10
243 22 -12
243 22 -12
242 19 -11
240 23 -9
240 23 -9
242 23 -12
243 21 -7
243 21 -7
244 24 -11
244 24 -11
241 23 -9
243 23 -11
243 23 -11
240 22 -11
243 23 -10
243 23 -10
245 21 -9
245 21 -9
245 23 -11
244 24 -10
244 24 -10
242 29 -18
242 23 -11
242 23 -11
245 22 -11
244 22 -11
244 22 -11
244 23 -12
244 23 -12
242 25 -12
243 21 -11
243 21 -11
245 22 -14
245 22 -14
245 22 -10
245 22 -10
244 24 -10
244 24 -11
240 21 -12
243 21 -9
243 21 -9
245 22 -12
245 22 -12
243 26 -11
246 24 -10
246 24 -10
238 23 -12
244 22 -10
244 22 -10
239 27 -10
239 27 -10
244 24 -12
243 25 -10
243 25 -10
243 28 -13
241 21 -11
241 21 -11
243 24 -10
247 26 -10
247 26 -10
245 25 -10
245 25 -10
244 23 -12
247 23 -10
247 23 -10
243 24 -9
243 25 -10
243 25 -10
240 23 -9
240 23 -9
242 24 -10
242 22 -10
242 22 -10
245 24 -12
245 22 -11
245 22 -11
243 24 -11
243 24 -11
243 23 -12
242 22 -11
242 22 -11
240 30 -17
242 23 -9
242 23 -9
244 26 -13
244 25 -12
244 25 -12
242 22 -10
242 22 -10
244 22 -12
244 25 -12
244 25 -12
241 23 -10
243 20 -10
243 20 -10
243 24 -13
243 24 -13
242 24 -11
245 25 -12
245 25 -12
242 22 -13
243 23 -13
243 23 -13
244 23 -10
244 23 -10
241 23 -13
241 23 -10
241 23 -10
239 24 -13
242 22 -9
242 22 -9
245 21 -9
245 21 -9
243 23 -14
243 24 -12
243 24 -12
245 25 -11
241 21 -11
241 21 -11
241 25 -10
243 22 -11
245 26 -12
245 26 -12
241 22 -12
242 23 -13
242 23 -13
243 22 -11
245 23 -12
245 23 -12
241 24 -10
241 24 -10
241 24 -12
245 25 -10
245 25 -10
243 21 -13
243 24 -12
243 24 -12
245 22 -12
245 22 -12
244 25 -13
246 24 -8
246 24 -8
236 32 -18
243 24 -11
243 24 -11
241 23 -12
244 22 -10
244 22 -10
243 22 -11
243 22 -11
240 22 -11
245 25 -13
245 25 -13
243 25 -15
247 22 -11
247 22 -11
240 22 -9
240 22 -9
244 22 -11
242 24 -11
242 24 -11
243 24 -11
243 23 -11
243 23 -11
242 24 -8
242 24 -8
245 24 -10
242 27 -11
242 27 -11
241 24 -12
241 22 -12
241 22 -12
243 25 -13
243 25 -13
243 25 -13
241 25 -9
241 25 -9
243 31 -17
242 22 -10
242 22 -10
240 23 -14
243 24 -13
243 24 -13
244 24 -12
244 24 -12
244 24 -12
244 25 -10
244 25 -10
244 22 -12
240 26 -11
240 26 -11
242 23 -9
242 23 -9
242 24 -12
244 23 -13
244 23 -13
243 24 -12
243 22 -12
243 22 -12
247 20 -10
247 20 -10
245 24 -10
240 24 -11
240 24 -11
241 32 -15
244 21 -13
244 21 -13
244 25 -12
243 20 -10
243 20 -10
242 20 -12
242 25 -13
245 20 -13
245 20 -13
244 23 -9
244 23 -12
244 23 -12
243 22 -11
243 22 -11
242 23 -13
244 26 -12
244 26 -12
245 25 -14
244 24 -13
244 24 -13
242 23 -11
242 23 -11
244 19 -8
241 21 -10
241 21 -10
239 29 -16
245 24 -13
245 24 -13
245 26 -13
245 26 -13
245 26 -13
244 25 -11
244 25 -11
242 24 -11
241 22 -12
241 22 -12
243 24 -12
243 24 -11
243 24 -11
243 25 -10
243 25 -10
246 22 -11
245 23 -12
245 23 -12
243 24 -12
247 23 -12
247 23 -12
241 27 -9
241 27 -9
243 23 -13
245 23 -10
245 23 -10
243 22 -11
242 23 -12
242 23 -12
245 23 -13
245 23 -13
243 24 -13
242 24 -12
242 24 -12
243 33 -17
247 23 -10
247 23 -10
243 24 -9
243 22 -9
243 22 -9
245 25 -15
245 25 -15
242 24 -11
243 23 -11
243 23 -11
245 22 -9
243 22 -10
243 22 -10
243 22 -9
243 22 -9
245 23 -11
247 22 -9
247 22 -9
244 24 -9
246 22 -11
246 22 -11
245 25 -10
245 25 -10
246 26 -12
247 24 -10
247 24 -10
239 33 -14
247 23 -11
247 23 -11
250 22 -8
250 21 -11
250 21 -11
248 23 -9
248 23 -9
251 26 -13
255 22 -11
258 23 -13
256 26 -10
256 26 -10
260 22 -11
263 20 -8
271 23 -16
271 23 -16
279 21 -14
284 20 -18
294 21 -26
294 21 -26
309 18 -26
326 12 -39
326 12 -39
345 8 -63
364 11 -101
364 11 -101
356 33 -147
356 33 -147
265 158 -101
320 230 -114
325 251 -122
325 251 -122
337 222 -118
346 165 -119
346 165 -119
253 118 -68
253 118 -68
263 147 -69
325 129 -75
325 129 -75
309 147 -76
300 158 -64
328 165 -58
328 165 -58
365 196 -110
269 207 -121
269 207 -121
291 162 -84
291 162 -84
269 168 -184
137 189 -212
67 160 -132
67 160 -132
87 127 -98
109 96 -88
109 96 -88
124 79 -95
124 79 -95
128 86 -100
113 106 -109
113 106 -109
51 82 -92
39 54 -53
39 54 -53
72 34 -15
72 34 -15
173 -22 7
289 -44 -51
289 -44 -51
331 -25 -163
270 -8 -257
270 -8 -257
130 4 -263
36 -15 -180
36 -15 -180
37 -35 -94
37 -35 -94
73 -40 -33
121 -36 -4
121 -36 -4
160 -32 16
188 -23 18
188 -23 18
210 -20 23
210 -20 23
223 -11 15
232 -5 14
232 -5 14
241 5 9
241 5 9
247 6 3
247 6 3
248 11 0
247 7 4
247 7 4
250 10 -1
250 12 1
250 12 1
250 13 -6
250 13 -6
249 18 -4
250 16 -6
250 16 -6
241 27 -8
249 20 -2
249 20 -2
249 22 -6
249 22 -6
249 22 -6
248 19 -8
248 19 -8
248 28 -11
248 21 -9
248 21 -9
247 23 -7
246 21 -11
246 21 -11
247 21 -9
247 21 -9
248 23 -10
246 21 -8
246 21 -8
247 24 -11
247 26 -9
247 26 -9
246 23 -10
246 23 -10
244 20 -12
245 24 -11
245 24 -11
244 26 -9
245 24 -9
245 24 -9
246 21 -11
246 21 -11
246 26 -10
244 22 -12
244 22 -12
239 30 -17
246 25 -12
246 25 -12
246 24 -10
246 23 -10
246 23 -10
243 23 -8
243 23 -8
244 24 -11
244 23 -12
244 23 -12
245 21 -10
247 26 -12
247 26 -12
244 25 -11
244 25 -11
246 21 -11
242 25 -11
242 25 -11
245 22 -15
244 24 -10
244 24 -10
248 24 -11
248 24 -11
241 26 -13
244 22 -15
244 22 -15
241 26 -13
244 26 -13
244 26 -13
247 23 -10
247 23 -10
245 24 -9
244 23 -12
244 23 -12
243 29 -13
242 24 -12
242 24 -12
243 24 -10
243 25 -12
245 24 -11
245 24 -11
247 23 -10
241 27 -13
241 27 -13
245 25 -13
243 24 -14
243 24 -14
246 25 -11
246 25 -11
244 25 -10
242 22 -13
242 22 -13
241 30 -16
245 24 -11
245 24 -11
243 24 -11
243 24 -11
244 26 -13
244 23 -7
244 23 -7
242 28 -13
245 24 -13
245 24 -13
246 25 -13
242 23 -9
242 23 -9
244 25 -12
244 25 -12
244 26 -9
247 23 -11
247 23 -11
245 24 -11
242 22 -10
242 22 -10
244 24 -9
244 24 -9
245 24 -10
242 21 -9
242 21 -9
245 28 -12
244 25 -11
244 25 -11
239 25 -10
239 25 -10
243 23 -10
242 23 -11
242 23 -11
239 24 -11
244 23 -11
244 23 -11
241 24 -10
241 24 -10
245 22 -13
242 21 -12
242 21 -12
243 33 -14
245 25 -12
245 25 -12
248 25 -10
245 23 -11
245 23 -11
244 22 -9
244 22 -9
243 24 -9
242 25 -10
242 25 -10
246 25 -10
244 22 -12
244 22 -12
243 25 -10
243 25 -10
246 23 -13
244 21 -11
244 21 -11
244 26 -12
246 23 -11
246 23 -11
243 23 -12
243 23 -12
244 25 -11
244 24 -10
244 24 -10
241 34 -15
243 20 -10
243 20 -10
245 23 -12
248 23 -10
248 23 -10
245 21 -12
243 25 -12
245 22 -8
245 22 -8
244 23 -9
246 23 -11
246 23 -11
244 24 -12
244 24 -12
245 24 -9
242 25 -13
242 25 -13
244 24 -12
243 25 -10
243 25 -10
243 25 -11
243 25 -11
245 24 -12
244 25 -13
244 25 -13
237 30 -15
246 24 -9
246 24 -9
243 25 -10
243 25 -10
243 25 -10
243 23 -11
243 23 -11
244 24 -12
243 25 -9
243 25 -9
244 21 -11
242 23 -11
242 23 -11
244 25 -9
244 25 -9
241 25 -13
244 25 -10
244 25 -10
244 22 -12
246 23 -12
246 23 -12
244 25 -13
244 25 -13
243 22 -10
242 22 -12
242 22 -12
244 22 -11
242 22 -10
242 22 -10
243 21 -10
243 21 -10
242 22 -12
245 25 -10
245 25 -10
242 31 -15
243 25 -10
243 25 -10
242 23 -10
244 24 -11
244 24 -11
241 22 -12
241 22 -12
241 22 -9
243 24 -10
243 24 -10
241 25 -11
246 27 -10
246 27 -10
241 21 -9
241 21 -9
242 25 -12
244 25 -9
244 25 -9
245 24 -12
242 27 -12
242 27 -12
246 24 -12
246 24 -12
242 23 -10
242 25 -11
242 25 -11
242 28 -15
244 23 -12
244 23 -12
243 24 -11
243 24 -11
243 24 -9
243 24 -9
244 22 -10
242 20 -10
242 20 -10
244 26 -12
243 24 -10
243 24 -10
243 22 -14
243 22 -14
243 23 -10
241 21 -12
241 21 -12
242 21 -10
242 23 -12
242 23 -12
243 20 -11
243 20 -11
245 23 -11
244 23 -11
244 23 -11
239 23 -11
244 24 -10
244 24 -10
242 23 -11
242 23 -11
241 24 -12
244 23 -12
244 23 -12
243 26 -16
241 22 -13
241 22 -13
243 25 -10
242 26 -12
242 26 -12
244 25 -12
244 25 -12
244 26 -10
242 25 -13
242 25 -13
245 23 -11
243 22 -11
243 22 -11
241 25 -13
241 25 -13
242 23 -12
240 26 -10
240 26 -10
242 21 -13
244 25 -9
244 25 -9
245 23 -9
245 23 -9
241 24 -5
241 27 -9
241 27 -9
236 32 -15
241 23 -11
241 23 -11
241 23 -11
241 25 -8
241 25 -8
240 28 -11
240 28 -11
240 25 -8
241 23 -8
241 23 -8
241 25 -10
239 24 -9
239 24 -9
239 26 -10
239 26 -10
239 26 -8
240 24 -9
240 24 -9
239 22 -8
238 24 -10
238 24 -10
237 24 -8
237 24 -8
237 25 -9
235 23 -8
235 23 -8
234 24 -6
235 25 -6
235 25 -6
235 25 -7
235 25 -7
233 26 -8
233 26 -8
229 32 -12
231 27 -5
231 27 -5
226 29 -4
223 29 -8
223 29 -8
220 31 -3
220 31 -3
220 32 -5
212 36 -3
212 36 -3
207 43 -3
200 49 -6
200 49 -6
184 53 -8
184 53 -8
165 68 -18
149 81 -38
149 81 -38
143 83 -70
183 66 -98
183 66 -98
229 15 -59
229 15 -59
185 -73 -17
130 -101 -4
130 -101 -4
95 -120 26
34 25 -70
34 25 -70
170 67 -104
170 67 -104
181 49 -70
135 55 -62
135 55 -62
162 81 -86
179 62 -69
179 62 -69
152 43 -76
147 30 -106
147 30 -106
164 41 -121
164 41 -121
157 50 -129
156 57 -164
156 57 -164
168 53 -216
238 67 -277
238 67 -277
397 83 -254
397 83 -254
397 75 -150
343 92 -134
343 92 -134
340 114 -157
357 106 -132
429 84 32
253 120 16
192 136 -61
192 136 -61
149 131 -156
212 111 -262
212 111 -262
340 95 -308
340 95 -308
453 92 -255
477 81 -158
477 81 -158
442 73 -81
395 67 -35
395 67 -35
352 58 -13
352 58 -13
319 53 -3
298 47 4
298 47 4
282 43 7
273 41 6
273 41 6
265 42 5
265 42 5
258 36 5
249 42 -6
250 30 1
250 30 1
247 30 -4
248 29 -2
248 29 -2
245 28 -5
245 26 -7
245 26 -7
244 25 -5
243 27 -7
243 27 -7
243 25 -8
243 25 -8
245 24 -6
244 22 -8
244 22 -8
240 27 -9
243 24 -8
243 24 -8
244 25 -9
244 25 -9
244 26 -9
246 25 -7
246 25 -7
243 25 -9
242 25 -8
242 25 -8
244 24 -11
244 24 -11
243 27 -11
243 24 -11
243 24 -11
241 32 -17
243 24 -11
243 24 -11
244 26 -10
242 24 -11
242 24 -11
244 23 -11
244 23 -11
242 26 -11
245 26 -10
245 26 -10
245 25 -11
246 24 -12
246 24 -12
244 24 -9
244 24 -9
247 24 -9
244 25 -11
244 25 -11
243 21 -13
243 22 -12
243 22 -12
245 23 -9
245 23 -9
243 25 -10
245 24 -12
245 24 -12
238 31 -14
245 23 -12
245 23 -12
245 26 -9
245 22 -11
245 22 -11
244 24 -11
244 24 -11
244 24 -11
244 24 -12
244 24 -12
238 24 -8
244 22 -8
244 22 -8
242 23 -10
242 23 -10
243 24 -10
243 25 -12
243 25 -12
246 24 -9
241 27 -11
241 27 -11
241 20 -11
243 24 -12
245 22 -10
245 22 -10
243 23 -12
244 24 -12
244 24 -12
245 25 -9
245 25 -9
248 25 -10
246 25 -11
246 25 -11
244 30 -16
242 24 -11
242 24 -11
242 21 -14
246 25 -12
246 25 -12
242 23 -10
242 23 -10
246 24 -12
245 26 -13
245 26 -13
245 23 -12
243 22 -12
243 22 -12
245 23 -11
245 23 -11
246 25 -9
245 22 -10
245 22 -10
244 20 -11
247 23 -9
247 23 -9
247 27 -11
247 27 -11
243 26 -10
245 25 -14
245 25 -14
242 30 -17
244 25 -12
244 25 -12
245 22 -14
243 27 -10
243 27 -10
242 24 -10
242 24 -10
246 24 -9
242 26 -12
242 26 -12
246 24 -12
244 23 -10
244 23 -10
244 23 -10
244 23 -10
243 25 -12
245 23 -12
245 23 -12
246 24 -10
243 25 -13
243 25 -13
245 23 -11
245 23 -11
246 25 -10
243 25 -10
243 25 -10
239 27 -14
246 26 -11
246 26 -11
246 21 -12
246 21 -12
246 21 -12
243 23 -13
243 23 -13
246 23 -12
244 26 -11
244 26 -11
246 26 -13
244 25 -8
244 25 -8
244 22 -11
244 22 -11
245 25 -11
244 20 -12
244 20 -12
244 26 -13
244 23 -10
244 23 -10
244 26 -11
244 26 -11
241 26 -10
241 26 -10
245 25 -7
242 24 -12
242 24 -12
243 20 -10
243 20 -10
243 26 -11
244 24 -10
244 24 -10
243 32 -19
248 23 -9
248 23 -9
244 24 -12
242 20 -12
242 20 -12
243 26 -14
243 26 -14
245 25 -12
242 25 -8
242 25 -8
244 25 -9
243 24 -12
243 24 -12
242 29 -16
242 29 -16
241 24 -12
243 24 -11
243 24 -11
247 27 -10
245 24 -12
245 24 -12
246 24 -13
246 24 -13
243 23 -8
245 25 -10
245 25 -10
239 27 -12
245 23 -11
245 23 -11
246 23 -12
246 23 -12
246 23 -12
245 23 -12
245 23 -12
245 24 -10
246 24 -11
246 24 -11
245 24 -12
250 26 -9
250 26 -9
243 27 -10
243 27 -10
247 26 -9
246 27 -11
246 27 -11
246 25 -11
249 24 -8
249 24 -8
247 26 -10
247 26 -10
248 28 -7
250 27 -8
250 27 -8
249 26 -9
250 26 -9
250 26 -9
250 28 -8
250 28 -8
253 32 -9
256 32 -8
256 32 -8
251 41 -16
255 36 -12
255 36 -12
257 37 -10
257 39 -8
257 39 -8
254 42 -8
254 42 -8
257 45 -8
253 47 -3
253 47 -3
255 54 -8
252 60 -3
250 59 -2
250 59 -2
251 61 -2
247 60 1
247 60 1
249 62 4
245 61 3
245 61 3
244 61 3
244 61 3
241 60 6
235 54 9
235 54 9
235 55 14
234 50 14
234 50 14
232 50 16
232 50 16
233 46 15
232 47 18
232 47 18
229 47 15
235 41 18
235 41 18
237 39 18
233 37 16
233 37 16
237 36 11
237 36 11
242 34 12
240 31 10
240 31 10
239 30 8
239 29 4
239 29 4
238 29 5
238 29 5
237 31 5
236 24 2
236 24 2
235 27 0
239 21 -2
239 21 -2
237 21 -2
237 21 -2
241 19 -4
242 19 -3
242 19 -3
242 19 -4
243 20 -6
243 20 -6
241 20 -7
241 20 -7
243 22 -6
243 22 -6
243 22 -6
240 28 -11
246 20 -6
246 20 -6
245 22 -7
244 23 -8
244 23 -8
249 21 -11
249 21 -11
244 19 -7
245 22 -13
245 22 -13
244 23 -11
244 21 -10
244 21 -10
245 20 -12
245 20 -12
243 23 -8
243 22 -8
243 22 -8
244 22 -9
243 21 -12
243 21 -12
243 23 -9
243 23 -9
244 22 -10
246 22 -9
246 22 -9
244 23 -11
244 23 -11
243 22 -13
243 22 -13
245 25 -10
244 19 -8
244 19 -8
241 32 -15
243 26 -12
243 26 -12
244 25 -11
245 24 -13
245 24 -13
246 23 -9
246 23 -9
246 21 -9
245 22 -11
245 22 -11
244 23 -10
246 23 -12
246 23 -12
245 20 -12
245 20 -12
244 25 -11
243 23 -9
243 23 -9
247 23 -12
245 23 -13
245 23 -13
245 24 -13
245 24 -13
245 23 -9
241 22 -10
241 22 -10
239 33 -16
244 23 -12
244 23 -12
247 22 -10
242 24 -12
242 24 -12
246 26 -12
246 26 -12
243 21 -11
246 26 -9
246 26 -9
244 25 -12
243 23 -11
243 23 -11
244 24 -9
244 24 -9
246 23 -10
244 27 -11
244 27 -11
245 23 -10
244 24 -12
244 24 -12
243 25 -10
243 25 -10
245 24 -9
243 25 -10
243 25 -10
241 24 -9
245 25 -12
245 25 -12
241 23 -13
241 23 -13
242 23 -13
245 24 -10
245 24 -10
240 33 -18
242 25 -12
242 25 -12
246 22 -12
245 23 -13
245 23 -13
244 22 -9
244 22 -9
240 23 -10
244 23 -12
244 23 -12
245 24 -11
244 21 -10
244 21 -10
242 24 -10
242 24 -10
245 25 -12
243 24 -12
243 24 -12
243 23 -13
241 24 -12
243 23 -8
243 23 -8
242 22 -11
241 24 -12
241 24 -12
239 31 -17
243 25 -10
243 25 -10
242 26 -12
247 25 -10
247 25 -10
244 23 -13
244 23 -13
244 23 -11
244 22 -10
244 22 -10
244 24 -10
241 24 -13
241 24 -13
243 22 -11
243 22 -11
244 22 -14
244 25 -9
244 25 -9
244 24 -13
243 20 -9
243 20 -9
244 22 -10
244 22 -10
243 25 -9
246 23 -15
246 23 -15
240 25 -12
246 20 -10
246 20 -10
244 24 -10
244 24 -10
247 25 -10
244 24 -10
244 24 -10
246 30 -16
243 25 -12
243 25 -12
242 25 -11
245 24 -11
245 24 -11
244 23 -11
244 23 -11
242 20 -8
243 23 -12
243 23 -12
243 21 -9
244 20 -9
244 20 -9
244 21 -14
244 21 -14
246 22 -10
244 24 -14
244 24 -14
244 23 -11
242 24 -13
242 24 -13
244 24 -11
244 24 -11
242 24 -13
244 26 -7
244 26 -7
240 31 -15
244 25 -11
244 25 -11
247 25 -7
243 23 -10
243 23 -10
242 24 -8
242 24 -8
245 21 -10
244 25 -11
244 25 -11
245 23 -11
240 22 -12
240 22 -12
243 25 -9
243 25 -9
241 23 -10
244 21 -13
243 21 -9
242 24 -10
242 24 -10
245 22 -10
246 24 -10
244 22 -11
244 22 -11
243 24 -9
245 27 -11
245 27 -11
241 25 -14
241 25 -14
247 24 -12
243 25 -10
243 25 -10
245 34 -20
242 24 -11
242 24 -11
243 22 -11
245 24 -10
245 24 -10
243 23 -11
243 23 -11
242 21 -11
242 22 -11
242 22 -11
242 21 -11
241 23 -11
241 23 -11
244 23 -11
244 23 -11
242 23 -11
246 23 -10
246 23 -10
245 24 -12
246 21 -11
246 21 -11
243 21 -14
243 21 -14
245 22 -11
244 25 -9
244 25 -9
242 30 -17
241 24 -10
241 24 -10
242 24 -9
243 21 -12
243 21 -12
246 25 -11
246 25 -11
242 23 -10
246 24 -10
246 24 -10
241 23 -12
238 22 -11
238 22 -11
245 24 -11
245 24 -11
240 23 -10
243 24 -11
243 24 -11
241 24 -10
243 24 -11
243 24 -11
241 22 -12
241 22 -12
242 26 -10
241 25 -8
241 25 -8
241 21 -12
243 23 -7
243 23 -7
242 23 -8
242 23 -8
240 23 -9
241 21 -9
241 21 -9
238 32 -16
239 21 -9
239 21 -9
238 25 -9
238 21 -9
238 21 -9
239 21 -9
239 21 -9
238 20 -10
237 19 -8
237 19 -8
233 15 -9
233 15 -9
235 15 -9
235 15 -9
229 15 -9
231 11 -8
231 11 -8
228 11 -8
230 8 -9
230 8 -9
228 5 -9
228 5 -9
229 0 -12
229 -6 -12
229 -6 -12
225 -9 -11
227 -15 -9
227 -15 -9
226 -13 -15
226 -13 -15
227 -23 -11
227 -24 -11
227 -24 -11
232 -23 -18
235 -35 -12
235 -35 -12
241 -31 -10
242 -33 -8
242 -33 -8
246 -29 -6
246 -29 -6
251 -29 -1
251 -28 3
251 -28 3
254 -30 3
253 -30 4
253 -30 4
253 -29 6
253 -29 6
255 -30 4
252 -27 5
252 -27 5
253 -28 6
252 -24 6
252 -24 6
248 -25 6
248 -25 6
251 -18 3
250 -18 0
250 -18 0
248 -17 -1
251 -14 -7
251 -14 -7
257 -9 -4
257 -9 -4
258 -5 -4
260 1 -3
260 1 -3
255 6 -10
258 8 -7
258 8 -7
258 10 -2
256 17 -5
256 17 -5
257 19 -6
257 19 -6
254 20 -6
253 22 -3
253 22 -3
250 21 -4
246 26 -7
246 26 -7
247 24 -5
247 24 -5
249 23 -6
243 22 -9
243 22 -9
243 25 -9
243 23 -10
243 23 -10
246 24 -9
246 24 -9
245 23 -10
245 26 -8
243 32 -15
245 26 -10
245 26 -10
242 23 -8
242 23 -8
242 25 -10
244 24 -11
244 24 -11
244 32 -18
244 25 -9
244 25 -9
245 23 -9
241 29 -8
241 29 -8
241 23 -10
241 23 -10
243 25 -9
243 27 -11
243 27 -11
246 23 -10
244 26 -10
244 26 -10
245 27 -10
245 27 -10
245 24 -13
243 23 -12
243 23 -12
243 24 -10
244 23 -13
244 23 -13
243 23 -13
243 23 -13
241 24 -12
244 25 -13
244 25 -13
241 31 -17
246 24 -9
246 24 -9
243 22 -13
243 22 -13
243 22 -13
243 23 -10
243 23 -10
242 24 -18
244 25 -13
244 25 -13
243 24 -14
244 23 -12
244 23 -12
244 28 -11
244 28 -11
243 24 -11
244 24 -9
244 24 -9
243 23 -12
244 24 -10
244 24 -10
246 22 -9
246 22 -9
245 27 -10
245 24 -11
245 24 -11
245 25 -9
248 25 -14
248 25 -14
242 27 -8
242 27 -8
246 31 -11
244 25 -11
244 25 -11
242 32 -17
243 23 -9
243 23 -9
245 24 -9
245 26 -9
245 26 -9
243 22 -13
243 22 -13
244 25 -11
242 26 -11
242 26 -11
241 25 -13
244 22 -12
244 22 -12
246 27 -10
243 21 -11
244 23 -10
244 23 -10
246 27 -12
244 24 -11
244 24 -11
245 24 -9
245 24 -9
244 25 -11
246 25 -8
246 25 -8
240 23 -12
243 24 -10
243 24 -10
242 23 -11
242 23 -11
242 23 -11
244 24 -11
244 24 -11
246 23 -17
243 24 -10
243 24 -10
244 26 -13
244 21 -13
244 21 -13
248 22 -13
248 22 -13
245 25 -13
245 24 -11
245 24 -11
243 25 -10
246 26 -13
246 26 -13
246 25 -12
246 25 -12
247 22 -8
244 23 -10
244 23 -10
244 23 -7
245 26 -12
245 26 -12
244 23 -11
244 23 -11
246 22 -11
245 25 -10
245 25 -10
245 35 -18
247 26 -8
247 26 -8
244 25 -12
247 28 -8
247 28 -8
244 26 -8
244 26 -8
247 25 -10
250 27 -9
250 27 -9
250 25 -12
249 25 -9
249 25 -9
251 27 -12
251 27 -12
251 25 -12
250 25 -14
250 25 -14
252 23 -9
251 23 -11
251 23 -11
254 24 -10
254 24 -10
253 22 -10
254 21 -10
254 21 -10
254 22 -9
255 21 -9
255 21 -9
257 21 -7
257 21 -7
261 18 -10
259 22 -14
262 14 -7
262 14 -7
269 12 -10
269 12 -10
268 8 -8
268 8 -8
274 -3 -3
274 -3 -3
276 -7 -8
278 -15 -5
278 -15 -5
280 -18 -7
280 -18 -7
277 -26 -6
280 -34 -9
271 -33 -9
271 -47 -9
271 -47 -9
267 -55 -7
267 -55 -7
264 -63 -4
257 -66 -1
257 -66 -1
244 -69 0
238 -75 -2
238 -75 -2
227 -75 3
227 -75 3
212 -70 8
201 -63 11
201 -63 11
197 -48 13
189 -38 24
189 -38 24
187 -23 32
190 -5 36
190 -5 36
198 10 38
198 10 38
205 23 39
213 37 36
213 37 36
224 43 31
238 44 28
238 44 28
241 43 28
241 43 28
246 44 23
250 38 14
250 38 14
252 35 10
250 35 6
250 35 6
254 33 3
254 33 3
252 32 -1
253 27 0
253 27 0
249 32 -3
251 27 -4
251 27 -4
253 28 -6
253 28 -6
248 27 -3
247 26 -8
247 26 -8
248 36 -11
249 25 -8
249 25 -8
246 26 -8
245 27 -10
245 27 -10
247 25 -9
247 25 -9
250 26 -10
246 25 -10
246 25 -10
246 23 -10
242 25 -10
242 25 -10
244 20 -8
244 20 -8
244 24 -11
242 24 -14
243 24 -11
245 24 -11
245 24 -11
246 23 -12
245 24 -9
241 25 -11
241 25 -11
240 33 -19
245 23 -14
245 23 -14
244 21 -9
243 23 -12
243 23 -12
244 24 -11
244 24 -11
242 22 -11
245 21 -12
245 21 -12
245 24 -13
241 24 -12
241 24 -12
246 23 -9
246 23 -9
242 21 -11
244 24 -11
244 24 -11
243 24 -13
244 23 -12
244 23 -12
242 22 -13
242 22 -13
243 22 -12
244 24 -10
244 24 -10
242 24 -12
245 24 -10
245 24 -10
243 25 -12
243 25 -12
242 24 -10
245 23 -12
245 23 -12
245 27 -14
243 25 -10
243 25 -10
244 24 -7
243 26 -11
243 26 -11
243 25 -10
243 25 -10
242 26 -13
245 23 -11
245 23 -11
246 23 -11
244 24 -9
244 24 -9
241 21 -11
241 21 -11
245 24 -10
245 23 -12
245 23 -12
247 22 -13
247 21 -8
247 21 -8
244 22 -8
244 22 -8
243 23 -12
244 25 -13
244 25 -13
240 29 -13
242 25 -13
242 25 -13
243 26 -14
243 25 -12
243 25 -12
242 23 -13
242 23 -13
243 24 -10
244 24 -11
244 24 -11
245 23 -12
245 25 -10
245 25 -10
241 23 -13
241 23 -13
246 25 -10
243 24 -13
243 24 -13
243 22 -10
243 22 -10
240 24 -12
240 24 -12
245 24 -11
242 23 -10
242 23 -10
240 29 -17
247 23 -12
247 23 -12
245 21 -12
244 23 -10
244 23 -10
242 22 -10
242 22 -10
244 25 -10
244 23 -10
244 23 -10
243 25 -11
244 23 -10
244 23 -10
244 23 -12
244 23 -12
244 24 -12
243 23 -11
243 23 -11
245 24 -11
241 26 -10
241 26 -10
243 26 -10
243 26 -10
244 24 -13
244 24 -11
244 24 -11
242 24 -11
245 25 -9
245 25 -9
245 25 -11
245 25 -11
245 23 -9
244 24 -9
244 24 -9
241 32 -18
243 26 -10
243 26 -10
243 23 -9
243 25 -10
243 25 -10
243 24 -12
243 24 -12
246 25 -12
244 23 -13
244 23 -13
245 23 -11
243 23 -12
243 23 -12
246 25 -10
246 25 -10
244 23 -11
243 23 -13
243 23 -13
243 24 -13
242 23 -12
242 23 -12
242 25 -9
242 25 -9
242 21 -11
242 24 -11
242 24 -11
240 33 -17
243 24 -11
243 24 -11
247 23 -11
243 25 -13
243 25 -13
243 23 -11
243 23 -11
243 22 -10
245 24 -10
245 24 -10
244 22 -12
242 21 -9
242 21 -9
246 24 -12
246 24 -12
244 22 -11
243 23 -11
243 23 -11
246 24 -11
246 23 -10
243 23 -9
243 23 -9
243 21 -10
244 24 -11
244 24 -11
239 24 -11
245 23 -11
245 23 -11
245 24 -11
245 24 -11
245 24 -11
246 24 -13
246 24 -13
242 25 -9
246 24 -10
246 24 -10
247 25 -11
242 23 -11
242 23 -11
244 26 -14
244 26 -14
242 24 -11
243 23 -12
243 23 -12
243 24 -10
243 24 -12
243 24 -12
244 21 -12
244 21 -12
242 26 -8
246 23 -14
246 23 -14
242 24 -11
242 23 -10
242 23 -10
245 23 -9
245 23 -9
242 22 -9
242 26 -12
242 26 -12
241 29 -15
242 20 -12
242 20 -12
246 24 -13
238 23 -7
238 23 -7
244 23 -11
244 23 -11
244 24 -11
242 23 -10
242 23 -10
245 27 -13
243 21 -11
243 21 -11
242 23 -13
242 23 -13
243 24 -10
242 23 -11
242 23 -11
244 22 -11
241 21 -10
241 21 -10
241 25 -11
241 25 -11
242 23 -9
242 23 -13
242 23 -13
240 34 -14
243 22 -11
243 22 -11
244 24 -11
244 24 -11
240 24 -11
245 25 -10
245 25 -10
244 19 -8
242 22 -13
242 22 -13
241 22 -9
243 21 -12
243 21 -12
243 25 -11
243 25 -11
245 25 -11
244 21 -11
244 21 -11
241 23 -9
243 24 -13
243 24 -13
245 26 -11
243 25 -9
245 23 -13
245 23 -13
243 25 -12
244 25 -9
244 25 -9
245 23 -12
245 23 -12
246 22 -11
244 25 -12
244 25 -12
240 31 -13
243 25 -12
243 25 -12
243 24 -12
240 24 -12
240 24 -12
241 23 -11
241 23 -11
244 24 -11
244 22 -10
244 22 -10
243 26 -11
241 24 -10
241 24 -10
241 25 -14
241 25 -14
241 23 -9
241 23 -11
241 23 -11
240 23 -9
241 24 -9
241 24 -9
235 22 -9
235 22 -9
240 24 -10
241 33 -12
241 33 -12
234 32 -15
239 24 -11
239 24 -11
239 27 -9
239 26 -7
237 26 -7
238 27 -10
238 27 -10
238 23 -7
234 29 -5
234 29 -5
236 28 -5
236 24 -4
236 24 -4
234 29 -6
234 29 -6
233 29 -1
232 31 1
232 31 1
230 33 0
228 35 0
228 35 0
225 41 3
225 41 3
218 38 8
217 44 8
217 44 8
214 53 9
211 58 13
211 58 13
207 62 14
207 62 14
207 75 17
209 85 19
209 85 19
208 102 21
212 106 23
212 106 23
219 116 30
225 125 31
225 125 31
232 134 31
232 134 31
243 139 35
258 146 34
258 146 34
284 140 34
284 140 34
304 128 36
304 128 36
317 110 39
328 91 43
331 68 48
328 44 53
328 44 53
323 20 55
323 20 55
307 1 60
290 -11 55
290 -11 55
272 -13 48
257 -21 48
257 -21 48
245 -16 41
245 -16 36
239 -16 36
230 -12 30
230 -12 30
229 -6 24
225 0 20
225 1 14
227 13 12
228 15 9
228 15 9
231 14 6
230 17 3
230 17 3
232 17 1
234 22 -1
234 22 -1
235 20 -4
235 20 -4
234 23 -3
238 22 -3
238 22 -3
237 24 -5
238 23 -6
238 23 -6
238 24 -8
238 24 -8
239 20 -6
241 24 -8
241 24 -8
237 27 -12
239 22 -7
239 22 -7
242 25 -9
242 24 -12
242 24 -12
241 25 -8
241 25 -8
241 23 -9
239 26 -9
239 26 -9
241 23 -9
244 26 -11
244 26 -11
246 22 -12
246 22 -12
238 23 -10
242 25 -8
242 25 -8
243 26 -11
241 25 -9
241 25 -9
243 25 -9
243 25 -9
239 26 -9
246 21 -9
246 21 -9
246 25 -12
244 25 -10
244 25 -10
243 25 -11
243 25 -11
243 23 -12
245 27 -12
239 31 -16
245 24 -12
245 24 -12
240 22 -13
243 23 -13
245 23 -11
245 23 -11
241 23 -9
245 24 -13
245 24 -13
245 23 -11
242 21 -13
242 21 -13
242 25 -9
242 25 -9
244 21 -11
245 25 -13
245 25 -13
245 25 -11
243 25 -10
243 25 -10
242 27 -10
242 27 -10
241 22 -14
241 25 -12
241 25 -12
239 26 -13
244 21 -12
244 21 -12
242 25 -10
242 23 -10
245 23 -9
242 25 -11
242 25 -11
245 23 -13
242 21 -9
242 21 -9
245 25 -12
242 26 -10
242 26 -10
244 23 -11
244 23 -11
243 23 -10
244 25 -10
244 25 -10
242 24 -10
241 23 -14
241 23 -14
244 24 -13
244 24 -13
246 21 -9
243 23 -10
243 23 -10
245 21 -10
242 25 -11
242 25 -11
242 26 -11
242 26 -11
243 21 -13
243 23 -11
243 23 -11
240 31 -16
243 25 -10
243 25 -10
241 24 -9
242 26 -11
242 26 -11
242 25 -12
242 25 -12
244 25 -13
245 24 -12
245 24 -12
242 24 -10
243 23 -10
243 23 -10
242 23 -13
242 23 -13
245 25 -10
244 24 -11
244 24 -11
244 26 -13
246 25 -11
246 25 -11
243 23 -12
243 23 -12
244 22 -12
245 22 -11
245 22 -11
239 31 -16
244 25 -11
243 24 -11
244 23 -12
244 23 -12
244 24 -11
244 24 -11
243 21 -11
242 23 -14
242 23 -14
243 24 -12
244 26 -9
244 26 -9
243 25 -12
243 25 -12
244 24 -9
246 22 -9
246 22 -9
245 22 -12
245 23 -11
245 23 -11
244 24 -12
244 24 -12
245 22 -14
243 25 -12
243 25 -12
240 25 -11
243 21 -14
243 21 -14
247 22 -11
247 22 -11
244 25 -11
242 22 -11
242 22 -11
244 30 -14
244 23 -11
244 23 -11
245 23 -12
243 23 -10
243 23 -10
245 26 -11
245 26 -11
245 25 -9
244 25 -10
244 25 -10
246 23 -13
246 24 -11
246 24 -11
242 25 -11
242 25 -11
244 21 -12
243 26 -10
243 26 -10
240 21 -9
244 23 -12
244 23 -12
244 21 -10
244 21 -10
246 22 -11
242 25 -12
242 25 -12
241 31 -16
246 23 -9
246 23 -9
244 21 -11
245 24 -13
245 24 -13
244 26 -12
244 26 -12
244 25 -12
244 23 -10
244 23 -10
246 27 -10
245 23 -11
245 23 -11
245 23 -10
245 23 -10
243 23 -12
245 27 -10
245 27 -10
242 24 -10
244 26 -10
244 26 -10
243 24 -12
243 24 -12
244 21 -12
242 25 -11
242 25 -11
240 30 -18
244 22 -13
244 22 -13
244 24 -12
243 24 -12
245 23 -12
245 23 -12
242 23 -9
242 22 -10
242 22 -10
245 22 -9
243 23 -12
243 23 -12
247 24 -11
247 24 -11
246 24 -10
243 25 -13
243 25 -13
247 23 -11
244 24 -12
244 24 -12
242 26 -11
242 26 -11
246 24 -8
243 21 -12
243 21 -12
243 25 -14
243 22 -9
243 22 -9
243 25 -12
243 25 -12
243 23 -15
244 24 -12
244 24 -12
242 31 -15
242 23 -11
242 23 -11
242 25 -13
245 25 -14
245 25 -14
244 23 -12
244 23 -12
245 26 -10
245 26 -11
245 26 -11
245 22 -13
242 23 -10
242 23 -10
245 20 -9
245 20 -9
244 23 -11
242 24 -11
242 24 -11
243 24 -11
243 25 -10
243 25 -10
245 25 -13
245 25 -13
245 23 -9
244 21 -12
244 21 -12
239 31 -13
243 21 -13
243 21 -13
243 25 -10
243 25 -12
243 25 -12
243 25 -9
243 25 -9
245 22 -13
242 25 -10
242 25 -10
245 24 -11
242 28 -11
242 28 -11
244 24 -15
244 24 -15
242 23 -10
244 23 -13
244 23 -13
240 25 -9
242 24 -13
242 24 -13
243 27 -11
243 27 -11
242 25 -12
242 25 -12
242 25 -12
241 25 -12
245 19 -12
245 19 -12
242 25 -14
242 25 -14
243 25 -11
243 25 -11
244 32 -17
243 22 -11
243 22 -11
243 23 -12
244 24 -11
244 24 -11
242 25 -12
242 25 -12
242 24 -12
244 26 -10
244 26 -10
242 22 -10
241 22 -12
241 22 -12
244 21 -9
244 21 -9
246 23 -11
243 25 -12
243 25 -12
241 25 -11
245 26 -12
245 26 -12
241 28 -14
241 28 -14
244 27 -12
243 24 -13
243 24 -13
238 31 -19
243 21 -12
243 21 -12
244 25 -11
243 24 -14
243 24 -14
242 21 -13
242 21 -13
241 24 -12
242 25 -9
242 25 -9
243 25 -12
243 24 -11
243 24 -11
243 25 -12
243 25 -12
243 24 -14
247 23 -10
247 23 -10
244 25 -13
240 23 -11
240 23 -11
243 23 -9
243 23 -9
245 18 -10
241 25 -11
241 25 -11
237 31 -15
241 26 -11
241 26 -11
243 26 -10
243 26 -10
243 26 -10
245 25 -12
245 25 -12
244 24 -10
245 23 -11
245 23 -11
243 26 -11
246 25 -11
246 25 -11
239 21 -10
239 21 -10
243 24 -11
242 26 -13
242 26 -13
243 24 -10
245 22 -11
245 22 -11
241 26 -14
241 26 -14
243 22 -14
241 24 -13
241 24 -13
242 26 -11
243 24 -10
243 24 -10
243 24 -13
243 24 -13
242 22 -10
242 22 -11
242 32 -15
242 22 -9
242 22 -9
243 24 -10
241 26 -11
241 26 -11
240 23 -13
240 23 -13
243 25 -12
244 27 -10
244 27 -10
244 23 -10
243 24 -10
243 24 -10
243 26 -9
243 26 -9
244 25 -8
242 24 -10
242 24 -10
243 25 -12
241 24 -12
241 24 -12
242 26 -14
242 26 -14
244 21 -12
242 23 -12
242 23 -12
239 31 -14
245 22 -14
245 22 -14
243 22 -10
243 23 -10
245 23 -10
243 22 -10
243 22 -10
243 23 -13
244 27 -12
244 27 -12
244 24 -12
242 22 -11
242 22 -11
241 23 -10
241 23 -10
245 23 -9
240 24 -11
240 24 -11
246 25 -12
240 26 -12
240 26 -12
243 23 -13
243 23 -13
242 23 -15
242 23 -13
242 23 -13
242 21 -9
241 24 -9
241 24 -9
243 23 -10
243 23 -10
242 24 -11
243 21 -11
243 21 -11
242 29 -21
243 23 -13
243 23 -13
243 24 -12
244 32 -14
244 32 -14
243 22 -13
243 22 -13
244 25 -12
245 24 -13
245 24 -13
240 21 -12
243 22 -13
243 22 -13
244 24 -8
244 24 -8
241 26 -9
242 22 -9
242 22 -9
243 24 -11
243 25 -12
243 25 -12
241 22 -10
241 22 -10
241 22 -12
243 23 -13
243 23 -13
239 31 -15
240 24 -9
241 28 -12
241 23 -13
244 23 -13
245 20 -11
245 20 -11
243 23 -10
240 23 -8
240 23 -8
241 24 -11
241 25 -11
241 25 -11
244 24 -11
244 24 -11
243 22 -11
240 25 -11
240 25 -11
244 23 -11
244 23 -12
244 23 -12
243 24 -11
243 24 -11
243 25 -9
242 22 -11
242 22 -11
241 21 -8
245 25 -11
245 25 -11
241 24 -12
241 24 -12
241 24 -13
244 22 -12
244 22 -12
242 31 -16
242 22 -9
242 22 -9
